  BB INT. (SPSD_12 SHELL)
 1 6 101 001 103 203 205 1001
   59.5  35.7  59.5  83.3  83.3  83.3  
    0    0    0    0.333333    0.000000
 0 1 101 101 101 101 0 1
   0.00000  -0.97056
  -0.97056   0.00000
 0 1 101 101 101 001 0 1
   0.00000   0.00000
   0.00000   0.00000
 0 1 101 101 101 103 1 1
   0.63070
   0.00000
 0 1 101 101 101 203 1 1
   0.00000
   0.00000
 0 1 101 101 101 1001 0 1
   0.00000   0.00000
   0.00000   0.00000
 0 1 101 101 001 001 0 1
   0.00000   3.30110
   3.30110   0.00000
 0 1 101 101 001 103 1 1
   0.00000
   0.00000
 0 1 101 101 001 203 1 1
   0.00000
   0.00000
 0 1 101 101 001 1001 0 1
   0.00000   2.42516
   2.42516   0.00000
 0 1 101 101 103 103 0 1
   0.00000   0.31578
   0.23537   0.00000
 0 1 101 101 103 203 0 1
   0.00000   0.00000
   0.00000   0.00000
 0 1 101 101 103 205 1 1
   0.00000
   0.00000
 0 1 101 101 103 1001 1 1
   0.00000
   0.00000
 0 1 101 101 203 203 0 1
   0.00000  -1.30663
  -0.97390   0.00000
 0 1 101 101 203 205 1 1
   0.13130
   0.00000
 0 1 101 101 203 1001 1 1
   0.00000
   0.00000
 0 1 101 101 205 205 0 1
   0.00000   0.79268
   0.54150   0.00000
 0 1 101 101 1001 1001 0 1
   0.00000   1.11586
   1.11586   0.00000
 0 1 101 001 101 001 0 1
   0.00000   47.82823
   47.82823   0.00000
 0 1 101 001 101 103 1 1
   0.00000
   0.00000
 0 1 101 001 101 203 1 1
   0.00000
   0.00000
 0 1 101 001 101 1001 0 1
   0.00000   0.26367
   0.26367   0.00000
 0 1 101 001 001 001 0 1
   0.00000   0.00000
   0.00000   0.00000
 0 1 101 001 001 103 1 1
   0.00000
   0.00000
 0 1 101 001 001 203 1 1
   0.00000
   0.00000
 0 1 101 001 001 1001 0 1
   0.00000   0.00000
   0.00000   0.00000
 0 1 101 001 103 103 0 1
   0.00000   0.00000
   0.00000   0.00000
 0 1 101 001 103 203 0 1
   0.00000  -5.07869
  -3.78543   0.00000
 0 1 101 001 103 205 1 1
   0.00000
   0.00000
 0 1 101 001 103 1001 1 1
   0.00000
   0.00000
 0 1 101 001 203 203 0 1
   0.00000   0.00000
   0.00000   0.00000
 0 1 101 001 203 205 1 1
   0.00000
   0.00000
 0 1 101 001 203 1001 1 1
   0.00000
   0.00000
 0 1 101 001 205 205 0 1
   0.00000   0.00000
   0.00000   0.00000
 0 1 101 001 1001 1001 0 1
   0.00000   0.00000
   0.00000   0.00000
 0 1 101 103 101 103 1 2
  -1.27541   0.00000
   0.00000  -1.27541
 0 1 101 103 101 203 1 2
   0.00000   0.00000
   0.00000   0.00000
 0 1 101 103 101 205 2 2
   0.00000
   0.00000
 0 1 101 103 101 1001 1 1
   0.00000
   0.00000
 0 1 101 103 001 001 1 1
   1.65055
   0.00000
 0 1 101 103 001 103 1 2
   0.00000   0.00000
   0.00000   0.00000
 0 1 101 103 001 203 1 2
   0.00000   0.00000
   0.00000   0.00000
 0 1 101 103 001 205 2 2
   0.00000
   0.00000
 0 1 101 103 001 1001 1 1
   1.21258
   0.00000
 0 1 101 103 103 103 1 2
  -2.09084   0.00000
   0.00000  -1.55842
 0 1 101 103 103 203 1 2
   0.00000   0.00000
   0.00000   0.00000
 0 1 101 103 103 205 1 2
   0.00000   0.00000
   0.00000   0.00000
 0 1 101 103 103 1001 1 2
   0.00000   0.00000
   0.00000   0.00000
 0 1 101 103 203 203 1 2
   0.81482   0.00000
   0.00000   0.60733
 0 1 101 103 203 205 1 2
  -0.28039   0.00000
   0.00000  -0.41046
 0 1 101 103 203 1001 1 2
   0.00000   0.00000
   0.00000   0.00000
 0 1 101 103 205 205 1 2
  -0.19817   0.00000
   0.00000  -0.18090
 0 1 101 103 205 1001 2 2
   0.00000
   0.00000
 0 1 101 103 1001 1001 1 1
   0.55793
   0.00000
 0 1 101 203 101 203 1 2
   0.00000   0.00000
   0.00000   0.00000
 0 1 101 203 101 205 2 2
   0.00000
   0.00000
 0 1 101 203 101 1001 1 1
   0.00000
   0.00000
 0 1 101 203 001 001 1 1
   0.00000
   0.00000
 0 1 101 203 001 103 1 2
   0.00000   0.00000
   0.00000   0.00000
 0 1 101 203 001 203 1 2
   0.00000   0.00000
   0.00000   0.00000
 0 1 101 203 001 205 2 2
   0.00000
   0.00000
 0 1 101 203 001 1001 1 1
   0.00000
   0.00000
 0 1 101 203 103 103 1 2
   0.00000   0.00000
   0.00000   0.00000
 0 1 101 203 103 203 1 2
   0.00000   0.00000
   0.00000   0.00000
 0 1 101 203 103 205 1 2
   0.00000   0.00000
   0.00000   0.00000
 0 1 101 203 103 1001 1 2
   0.00000   0.00000
   0.00000   0.00000
 0 1 101 203 203 203 1 2
   0.00000   0.00000
   0.00000   0.00000
 0 1 101 203 203 205 1 2
   0.00000   0.00000
   0.00000   0.00000
 0 1 101 203 203 1001 1 2
   0.00000   0.00000
   0.00000   0.00000
 0 1 101 203 205 205 1 2
   0.00000   0.00000
   0.00000   0.00000
 0 1 101 203 205 1001 2 2
   0.00000
   0.00000
 0 1 101 203 1001 1001 1 1
   0.00000
   0.00000
 0 1 101 205 101 205 2 3
   0.00000   0.00000
   0.00000   0.00000
 0 1 101 205 001 103 2 2
   0.00000
   0.00000
 0 1 101 205 001 203 2 2
   0.00000
   0.00000
 0 1 101 205 001 205 2 3
   0.00000   0.00000
   0.00000   0.00000
 0 1 101 205 103 103 2 3
   0.00000   0.00000
   0.00000   0.00000
 0 1 101 205 103 203 2 3
   0.00000   0.00000
   0.00000   0.00000
 0 1 101 205 103 205 2 3
   0.00000   0.00000
   0.00000   0.00000
 0 1 101 205 103 1001 2 2
   0.00000
   0.00000
 0 1 101 205 203 203 2 3
   0.00000   0.00000
   0.00000   0.00000
 0 1 101 205 203 205 2 3
   0.00000   0.00000
   0.00000   0.00000
 0 1 101 205 203 1001 2 2
   0.00000
   0.00000
 0 1 101 205 205 205 2 3
   0.00000   0.00000
   0.00000   0.00000
 0 1 101 205 205 1001 2 3
   0.00000   0.00000
   0.00000   0.00000
 0 1 101 1001 101 1001 0 1
   0.00000   28.72115
   28.72115   0.00000
 0 1 101 1001 001 001 0 1
   0.00000   0.00000
   0.00000   0.00000
 0 1 101 1001 001 103 1 1
   0.00000
   0.00000
 0 1 101 1001 001 203 1 1
   0.00000
   0.00000
 0 1 101 1001 001 1001 0 1
   0.00000   0.00000
   0.00000   0.00000
 0 1 101 1001 103 103 0 1
   0.00000   0.00000
   0.00000   0.00000
 0 1 101 1001 103 203 0 1
   0.00000   2.57992
   1.92296   0.00000
 0 1 101 1001 103 205 1 1
   0.00000
   0.00000
 0 1 101 1001 103 1001 1 1
   0.00000
   0.00000
 0 1 101 1001 203 203 0 1
   0.00000   0.00000
   0.00000   0.00000
 0 1 101 1001 203 205 1 1
   0.00000
   0.00000
 0 1 101 1001 203 1001 1 1
   0.00000
   0.00000
 0 1 101 1001 205 205 0 1
   0.00000   0.00000
   0.00000   0.00000
 0 1 101 1001 1001 1001 0 1
   0.00000   0.00000
   0.00000   0.00000
 0 1 001 001 001 001 0 1
   0.00000  -2.68249
  -2.68249   0.00000
 0 1 001 001 001 103 1 1
   0.00000
   0.00000
 0 1 001 001 001 203 1 1
   0.00000
   0.00000
 0 1 001 001 001 1001 0 1
   0.00000   14.85493
   14.85493   0.00000
 0 1 001 001 103 103 0 1
   0.00000   4.69754
   3.50134   0.00000
 0 1 001 001 103 203 0 1
   0.00000   0.00000
   0.00000   0.00000
 0 1 001 001 103 205 1 1
   0.00000
   0.00000
 0 1 001 001 103 1001 1 1
   0.00000
   0.00000
 0 1 001 001 203 203 0 1
   0.00000  -1.42890
  -1.06504   0.00000
 0 1 001 001 203 205 1 1
  -0.22453
   0.00000
 0 1 001 001 203 1001 1 1
   0.00000
   0.00000
 0 1 001 001 205 205 0 1
   0.00000   2.12161
   1.44933   0.00000
 0 1 001 001 1001 1001 0 1
   0.00000   14.03312
   14.03312   0.00000
 0 1 001 103 001 103 1 2
   0.00000   0.00000
   0.00000   0.00000
 0 1 001 103 001 203 1 2
   0.00000   0.00000
   0.00000   0.00000
 0 1 001 103 001 205 2 2
   0.00000
   0.00000
 0 1 001 103 001 1001 1 1
   0.00000
   0.00000
 0 1 001 103 103 103 1 2
   0.00000   0.00000
   0.00000   0.00000
 0 1 001 103 103 203 1 2
   0.00000   0.00000
   0.00000   0.00000
 0 1 001 103 103 205 1 2
   0.00000   0.00000
   0.00000   0.00000
 0 1 001 103 103 1001 1 2
   0.00000   0.00000
   0.00000   0.00000
 0 1 001 103 203 203 1 2
   0.00000   0.00000
   0.00000   0.00000
 0 1 001 103 203 205 1 2
   0.00000   0.00000
   0.00000   0.00000
 0 1 001 103 203 1001 1 2
   0.00000   0.00000
   0.00000   0.00000
 0 1 001 103 205 205 1 2
   0.00000   0.00000
   0.00000   0.00000
 0 1 001 103 205 1001 2 2
   0.00000
   0.00000
 0 1 001 103 1001 1001 1 1
   0.00000
   0.00000
 0 1 001 203 001 203 1 2
   0.00000   0.00000
   0.00000   0.00000
 0 1 001 203 001 205 2 2
   0.00000
   0.00000
 0 1 001 203 001 1001 1 1
   0.00000
   0.00000
 0 1 001 203 103 103 1 2
   0.00000   0.00000
   0.00000   0.00000
 0 1 001 203 103 203 1 2
   0.00000   0.00000
   0.00000   0.00000
 0 1 001 203 103 205 1 2
   0.00000   0.00000
   0.00000   0.00000
 0 1 001 203 103 1001 1 2
   0.00000   0.00000
   0.00000   0.00000
 0 1 001 203 203 203 1 2
   0.00000   0.00000
   0.00000   0.00000
 0 1 001 203 203 205 1 2
   0.00000   0.00000
   0.00000   0.00000
 0 1 001 203 203 1001 1 2
   0.00000   0.00000
   0.00000   0.00000
 0 1 001 203 205 205 1 2
   0.00000   0.00000
   0.00000   0.00000
 0 1 001 203 205 1001 2 2
   0.00000
   0.00000
 0 1 001 203 1001 1001 1 1
   0.00000
   0.00000
 0 1 001 205 001 205 2 3
   0.00000   0.00000
   0.00000   0.00000
 0 1 001 205 103 103 2 3
   0.00000   0.00000
   0.00000   0.00000
 0 1 001 205 103 203 2 3
   0.00000   0.00000
   0.00000   0.00000
 0 1 001 205 103 205 2 3
   0.00000   0.00000
   0.00000   0.00000
 0 1 001 205 103 1001 2 2
   0.00000
   0.00000
 0 1 001 205 203 203 2 3
   0.00000   0.00000
   0.00000   0.00000
 0 1 001 205 203 205 2 3
   0.00000   0.00000
   0.00000   0.00000
 0 1 001 205 203 1001 2 2
   0.00000
   0.00000
 0 1 001 205 205 205 2 3
   0.00000   0.00000
   0.00000   0.00000
 0 1 001 205 205 1001 2 3
   0.00000   0.00000
   0.00000   0.00000
 0 1 001 1001 001 1001 0 1
   0.00000  -11.60474
  -11.60474   0.00000
 0 1 001 1001 103 103 0 1
   0.00000   3.45107
   2.57228   0.00000
 0 1 001 1001 103 203 0 1
   0.00000   0.00000
   0.00000   0.00000
 0 1 001 1001 103 205 1 1
   0.00000
   0.00000
 0 1 001 1001 103 1001 1 1
   0.00000
   0.00000
 0 1 001 1001 203 203 0 1
   0.00000   0.49709
   0.37051   0.00000
 0 1 001 1001 203 205 1 1
   0.07811
   0.00000
 0 1 001 1001 203 1001 1 1
   0.00000
   0.00000
 0 1 001 1001 205 205 0 1
   0.00000  -0.73808
  -0.50420   0.00000
 0 1 001 1001 1001 1001 0 1
   0.00000   9.97300
   9.97300   0.00000
 0 1 103 103 103 103 0 3
   0.00000  -2.58270   0.00000  -0.28697
  -1.43483   0.00000  -1.43483   0.00000
 0 1 103 103 103 203 0 3
   0.00000   0.00000   0.00000   0.00000
   0.00000   0.00000   0.00000   0.00000
 0 1 103 103 103 205 1 3
   0.00000   0.00000   0.00000
   0.00000   0.00000   0.00000
 0 1 103 103 103 1001 1 2
   0.00000   0.00000
   0.00000   0.00000
 0 1 103 103 203 203 0 3
   0.00000   0.97304   0.00000   0.10812
   0.54058   0.00000   0.54058   0.00000
 0 1 103 103 203 205 1 3
   0.02207   0.00000   0.00901
   0.00000   0.02408   0.00000
 0 1 103 103 203 1001 1 2
   0.00000   0.00000
   0.00000   0.00000
 0 1 103 103 205 205 0 3
   0.00000  -1.69200   0.00000  -0.35172
  -0.86153   0.00000  -1.15126   0.00000
 0 1 103 103 205 1001 2 3
   0.00000   0.00000
   0.00000   0.00000
 0 1 103 103 1001 1001 0 1
   0.00000  -1.58789
  -1.18355   0.00000
 0 1 103 203 103 203 0 3
   0.00000   0.00000   0.00000   0.00000
   0.00000   0.00000   0.00000   0.00000
 0 1 103 203 103 205 1 3
   0.00000   0.00000   0.00000
   0.00000   0.00000   0.00000
 0 1 103 203 103 1001 1 2
   0.00000   0.00000
   0.00000   0.00000
 0 1 103 203 203 203 0 3
   0.00000   0.00000   0.00000   0.00000
   0.00000   0.00000   0.00000   0.00000
 0 1 103 203 203 205 1 3
   0.00000   0.00000   0.00000
   0.00000   0.00000   0.00000
 0 1 103 203 203 1001 1 2
   0.00000   0.00000
   0.00000   0.00000
 0 1 103 203 205 205 0 3
   0.00000   0.00000   0.00000   0.00000
   0.00000   0.00000   0.00000   0.00000
 0 1 103 203 205 1001 2 3
   0.00000   0.00000
   0.00000   0.00000
 0 1 103 203 1001 1001 0 1
   0.00000   0.00000
   0.00000   0.00000
 0 1 103 205 103 205 1 4
   0.00000   0.00000   0.00000   0.00000
   0.00000   0.00000   0.00000   0.00000
 0 1 103 205 103 1001 1 2
   0.00000   0.00000
   0.00000   0.00000
 0 1 103 205 203 203 1 3
   0.00000   0.00000   0.00000
   0.00000   0.00000   0.00000
 0 1 103 205 203 205 1 4
   0.00000   0.00000   0.00000   0.00000
   0.00000   0.00000   0.00000   0.00000
 0 1 103 205 203 1001 1 2
   0.00000   0.00000
   0.00000   0.00000
 0 1 103 205 205 205 1 4
   0.00000   0.00000   0.00000   0.00000
   0.00000   0.00000   0.00000   0.00000
 0 1 103 205 205 1001 2 3
   0.00000   0.00000
   0.00000   0.00000
 0 1 103 205 1001 1001 1 1
   0.00000
   0.00000
 0 1 103 1001 103 1001 1 2
   0.00000   0.00000
   0.00000   0.00000
 0 1 103 1001 203 203 1 2
   0.00000   0.00000
   0.00000   0.00000
 0 1 103 1001 203 205 1 2
   0.00000   0.00000
   0.00000   0.00000
 0 1 103 1001 203 1001 1 2
   0.00000   0.00000
   0.00000   0.00000
 0 1 103 1001 205 205 1 2
   0.00000   0.00000
   0.00000   0.00000
 0 1 103 1001 205 1001 2 2
   0.00000
   0.00000
 0 1 103 1001 1001 1001 1 1
   0.00000
   0.00000
 0 1 203 203 203 203 0 3
   0.00000  -0.65281   0.00000  -0.07253
  -0.36267   0.00000  -0.36267   0.00000
 0 1 203 203 203 205 1 3
   0.20858   0.00000   0.08515
   0.00000   0.22758   0.00000
 0 1 203 203 203 1001 1 2
   0.00000   0.00000
   0.00000   0.00000
 0 1 203 203 205 205 0 3
   0.00000   0.32294   0.00000   0.06713
   0.16443   0.00000   0.21973   0.00000
 0 1 203 203 205 1001 2 3
   0.00000   0.00000
   0.00000   0.00000
 0 1 203 203 1001 1001 0 1
   0.00000  -0.51556
  -0.38427   0.00000
 0 1 203 205 203 205 1 4
  -0.10557   0.00000  -0.15835   0.00000
   0.00000  -0.22622   0.00000  -0.03770
 0 1 203 205 203 1001 1 2
   0.00000   0.00000
   0.00000   0.00000
 0 1 203 205 205 205 1 4
  -0.36088   0.00000  -0.27563   0.00000
   0.00000  -0.48225   0.00000  -0.06820
 0 1 203 205 205 1001 2 3
   0.00000   0.00000
   0.00000   0.00000
 0 1 203 205 1001 1001 1 1
  -0.16202
   0.00000
 0 1 203 1001 203 1001 1 2
   0.00000   0.00000
   0.00000   0.00000
 0 1 203 1001 205 205 1 2
   0.00000   0.00000
   0.00000   0.00000
 0 1 203 1001 205 1001 2 2
   0.00000
   0.00000
 0 1 203 1001 1001 1001 1 1
   0.00000
   0.00000
 0 1 205 205 205 205 0 5
   0.00000  -0.91640   0.00000  -0.35638   0.00000  -0.01018
  -0.42765   0.00000  -0.76366   0.00000  -0.09164   0.00000
 0 1 205 205 205 1001 2 3
   0.00000   0.00000
   0.00000   0.00000
 0 1 205 205 1001 1001 0 1
   0.00000   0.76549
   0.52293   0.00000
 0 1 205 1001 205 1001 2 3
   0.00000   0.00000
   0.00000   0.00000
 0 1 1001 1001 1001 1001 0 1
   0.00000  -3.85899
  -3.85899   0.00000
