  BB INT. (SPSD SHELL)
 1 5 001 103 101 205 203
   35.7  59.5  59.5  83.3  83.3  
    0    0    0    0.333333    0.000000
 0 1 001 001 001 001 0 1
   0.00000   44.99590
   44.99590   0.00000
 0 1 001 001 001 103 1 1
   0.00000
   0.00000
 0 1 001 001 001 101 0 1
   0.00000   0.00000
   0.00000   0.00000
 0 1 001 001 001 203 1 1
   0.00000
   0.00000
 0 1 001 001 103 103 0 1
   0.00000   22.68821
   30.43943   0.00000
 0 1 001 001 103 101 1 1
  -28.69857
   0.00000
 0 1 001 001 103 205 1 1
   0.00000
   0.00000
 0 1 001 001 103 203 0 1
   0.00000   0.00000
   0.00000   0.00000
 0 1 001 001 101 101 0 1
   0.00000  -7.17464
   21.52393   0.00000
 0 1 001 001 101 203 1 1
   0.00000
   0.00000
 0 1 001 001 205 205 0 1
   0.00000   13.76075
   20.14367   0.00000
 0 1 001 001 205 203 1 1
  -20.80430
   0.00000
 0 1 001 001 203 203 0 1
   0.00000  -7.35543
   16.44724   0.00000
 0 1 001 103 001 103 1 2
   322.77130   931.61141
   627.19135   18.35124
 0 1 001 103 001 101 1 1
  -430.51497
   430.51497
 0 1 001 103 001 205 2 2
   0.00000
   0.00000
 0 1 001 103 001 203 1 2
   0.00000   0.00000
   0.00000   0.00000
 0 1 001 103 103 103 1 2
   413.68283   0.00000
   0.00000   555.01375
 0 1 001 103 103 101 1 2
   261.63599   0.00000
  -392.45399  -392.45399
 0 1 001 103 103 205 1 2
   273.08269   544.07404
   534.76277   7.78947
 0 1 001 103 103 203 1 2
  -351.44068  -237.45338
   171.91947  -3.39960
 0 1 001 103 101 101 1 1
   261.63599
   0.00000
 0 1 001 103 101 205 2 2
   581.63962
   8.32729
 0 1 001 103 101 203 1 2
  -192.21181  -118.72669
   392.92263  -1.69980
 0 1 001 103 205 205 1 2
   332.26741   0.00000
   0.00000   363.98071
 0 1 001 103 205 203 1 2
   125.58528   0.00000
  -313.96319  -386.05984
 0 1 001 103 203 203 1 2
   266.40660   0.00000
   0.00000  -119.14065
 0 1 001 101 001 101 0 1
   931.61141   627.19135
   18.35124   322.77130
 0 1 001 101 001 203 1 1
   0.00000
   0.00000
 0 1 001 101 103 103 0 1
   0.00000   292.51793
   392.45399   0.00000
 0 1 001 101 103 101 1 1
   185.00458
   555.01375
 0 1 001 101 103 205 1 1
  -370.07151
   370.07151
 0 1 001 101 103 203 0 1
   839.52447   502.38742
   12.01941   132.31591
 0 1 001 101 101 101 0 1
   0.00000   185.00458
  -555.01375   0.00000
 0 1 001 101 101 203 1 1
   283.84796
   283.84796
 0 1 001 101 205 205 0 1
   0.00000   234.94854
   343.92944   0.00000
 0 1 001 101 205 203 1 1
   88.80220
   444.01100
 0 1 001 101 203 203 0 1
   0.00000   188.37791
  -421.22582   0.00000
 0 1 001 205 001 205 2 3
   13.81141   45.01786
   24.21356  -6.99288
 0 1 001 205 001 203 2 2
  -25.47996
   25.47996
 0 1 001 205 103 103 2 3
   0.00000   45.01041
   20.12927   0.00000
 0 1 001 205 103 101 2 2
  -28.46708
   28.46708
 0 1 001 205 103 205 2 3
   30.12956  -2.69628
   8.53927   48.91437
 0 1 001 205 103 203 2 3
   21.57044   0.82556
  -27.89911  -14.97691
 0 1 001 205 101 205 2 3
  -15.20056  -1.50727
  -20.97081   27.34396
 0 1 001 205 101 203 2 2
   20.46283
  -7.80549
 0 1 001 205 205 205 2 3
   0.00000   32.09358
   21.92409   0.00000
 0 1 001 205 205 203 2 3
  -25.83779  -24.70565
   15.50267   0.00000
 0 1 001 205 203 203 2 3
   0.00000  -5.34893
   16.74480   0.00000
 0 1 001 203 001 203 1 2
   45.01786   24.21356
  -6.99288   13.81141
 0 1 001 203 103 103 1 2
   12.25028   0.00000
   0.00000   16.43548
 0 1 001 203 103 101 1 2
   19.36940   34.86491
   0.00000   23.24328
 0 1 001 203 103 205 1 2
  -1.01111   25.75187
   18.34289  -13.91201
 0 1 001 203 103 203 1 2
  -2.02221   14.59766
   36.68578   31.90840
 0 1 001 203 101 101 1 1
  -38.73879
   0.00000
 0 1 001 203 101 205 2 2
  -14.87257
   27.52991
 0 1 001 203 101 203 1 2
   2.26090   15.95420
  -41.01595   7.29883
 0 1 001 203 205 205 1 2
   16.34125   0.00000
   0.00000   17.90095
 0 1 001 203 205 203 1 2
   21.61745   31.64470
   0.00000   12.65788
 0 1 001 203 203 203 1 2
  -30.57169   0.00000
   0.00000   13.67207
 0 1 103 103 103 103 0 3
   0.00000   316.01447   0.00000   43.34229
   206.94560   0.00000   370.54891   0.00000
 0 1 103 103 103 101 1 2
   172.45303   0.00000
   0.00000  -231.37002
 0 1 103 103 103 205 1 3
   0.00000   0.00000   0.00000
   0.00000   0.00000   0.00000
 0 1 103 103 103 203 0 3
   0.00000   0.00000   0.00000   0.00000
   0.00000   0.00000   0.00000   0.00000
 0 1 103 103 101 101 0 1
   0.00000   172.45303
  -231.37002   0.00000
 0 1 103 103 101 205 2 3
   0.00000   0.00000
   0.00000   0.00000
 0 1 103 103 101 203 1 2
   0.00000   0.00000
   0.00000   0.00000
 0 1 103 103 205 205 0 3
   0.00000   285.32384   0.00000   30.57464
   200.42446   0.00000   278.69547   0.00000
 0 1 103 103 205 203 1 3
   88.16018   0.00000  -23.53637
   0.00000  -268.08087   0.00000
 0 1 103 103 203 203 0 3
   0.00000   200.69574   0.00000  -5.09577
  -195.22384   0.00000  -74.23860   0.00000
 0 1 103 101 103 101 1 2
   152.41116   43.34229
   534.15222   206.94560
 0 1 103 101 103 205 1 2
  -384.52481  -231.51756
   263.95284  -15.58145
 0 1 103 101 103 203 1 2
   512.69974   135.04405
   100.65589   40.80180
 0 1 103 101 101 101 1 1
   109.06887
   0.00000
 0 1 103 101 101 205 2 2
  -297.47448
   33.31453
 0 1 103 101 101 203 1 2
   286.60787   77.72248
   174.07116   10.20045
 0 1 103 101 205 205 1 2
   160.69397   0.00000
   0.00000  -164.04308
 0 1 103 101 205 203 1 2
   97.02721   38.91961
   481.47426   212.91356
 0 1 103 101 203 203 1 2
   132.12224   0.00000
   0.00000   77.71740
 0 1 103 205 103 205 1 4
   298.56712   479.09962   23.40279   973.88759
   595.23560   10.15227   314.14253   10.93907
 0 1 103 205 103 203 1 3
  -387.69242  -75.56117  -102.09674
   205.64454  -17.13308   300.28537
 0 1 103 205 101 101 1 1
   241.14394
   0.00000
 0 1 103 205 101 205 2 3
   386.14321  -100.69349
  -7.72055  -261.14778
 0 1 103 205 101 203 1 2
  -212.51221  -224.57332
   416.04792  -7.16228
 0 1 103 205 205 205 1 4
   414.00989   0.00000   254.53200   0.00000
   0.00000   366.49158   0.00000   627.92638
 0 1 103 205 205 203 1 4
   163.15879  -15.58145   222.67877   0.00000
  -384.52481  -237.32429  -104.65440  -313.96319
 0 1 103 205 203 203 1 3
   313.05882   0.00000   138.84473
   0.00000  -188.00244   0.00000
 0 1 103 203 103 203 0 3
   973.88759   519.48560   274.07882   523.67395
   10.93907   101.24531   43.23896   400.47009
 0 1 103 203 101 101 0 1
   0.00000   55.03809
  -573.21574   0.00000
 0 1 103 203 101 205 2 3
  -278.21225   470.35481
   30.47647  -359.56400
 0 1 103 203 101 203 1 2
   292.71504  -309.60334
   114.35639   6.19021
 0 1 103 203 205 205 0 3
   0.00000   149.78176   0.00000   255.07406
   444.01100   0.00000  -34.20766   0.00000
 0 1 103 203 205 203 1 3
   69.96771   40.80180   316.34364
   512.69974   306.67741   512.69974
 0 1 103 203 203 203 0 3
   0.00000   82.31745   0.00000   179.49316
  -543.80020   0.00000  -191.92085   0.00000
 0 1 101 101 101 101 0 1
   0.00000   152.41116
   370.54891   0.00000
 0 1 101 101 101 203 1 1
   0.00000
   0.00000
 0 1 101 101 205 205 0 1
   0.00000   152.48611
  -231.22686   0.00000
 0 1 101 101 205 203 1 1
   52.46386
   0.00000
 0 1 101 101 203 203 0 1
   0.00000   163.36661
   318.72249   0.00000
 0 1 101 205 101 205 2 3
   507.34841   436.12396
   32.47233   346.42728
 0 1 101 205 101 203 2 2
   40.38914
   9.15801
 0 1 101 205 205 205 2 3
   0.00000  -222.50455
   278.19334   0.00000
 0 1 101 205 205 203 2 3
   33.31453  -296.74461
  -417.94972   468.02869
 0 1 101 205 203 203 2 3
   0.00000  -165.57828
  -15.84841   0.00000
 0 1 101 203 101 203 1 2
   165.14797   761.83560
   364.55900   10.60187
 0 1 101 203 205 205 1 2
   287.51479   0.00000
   0.00000  -211.91987
 0 1 101 203 205 203 1 2
   93.73844   10.20045
   286.60787  -224.21038
 0 1 101 203 203 203 1 2
   272.75856   0.00000
   0.00000   532.26563
 0 1 205 205 205 205 0 5
   0.00000   315.69044   0.00000   218.20960   0.00000   42.74411
   237.70577   0.00000   296.19427   0.00000   432.66743   0.00000
 0 1 205 205 205 203 1 4
   103.16402   0.00000   202.61011   0.00000
   0.00000  -165.43046   0.00000  -194.96166
 0 1 205 205 203 203 0 3
   0.00000   218.84393   0.00000   116.97700
  -238.77830   0.00000  -178.68532   0.00000
 0 1 205 203 205 203 1 4
   81.73644   42.74411   276.69810   42.74411
   530.14827   413.17127   530.14827   140.22494
 0 1 205 203 203 203 1 3
   82.71523   0.00000   135.07340
   0.00000  -126.34960   0.00000
 0 1 203 203 203 203 0 3
   0.00000   218.20960   0.00000   120.72877
   335.18660   0.00000   393.67510   0.00000
