  BB INT. (SPSD_23 SHELL)
 1 6 001 103 101 203 205 1001
   35.7  59.5  59.5  83.3  83.3  83.3  
    0    0    0    0.333333    0.000000
 0 1 001 001 001 001 0 1
   0.00000   59.10171
   59.10171   0.00000
 0 1 001 001 001 103 1 1
   0.00000
   0.00000
 0 1 001 001 001 101 0 1
   0.00000   0.00000
   0.00000   0.00000
 0 1 001 001 001 203 1 1
   0.00000
   0.00000
 0 1 001 001 001 1001 0 1
   0.00000   45.11175
   45.11175   0.00000
 0 1 001 001 103 103 0 1
   0.00000  -24.70873
  -18.41680   0.00000
 0 1 001 001 103 101 1 1
   6.48501
   0.00000
 0 1 001 001 103 203 0 1
   0.00000   0.00000
   0.00000   0.00000
 0 1 001 001 103 205 1 1
   0.00000
   0.00000
 0 1 001 001 103 1001 1 1
   0.00000
   0.00000
 0 1 001 001 101 101 0 1
   0.00000  -13.07527
   30.43879   0.00000
 0 1 001 001 101 203 1 1
   0.00000
   0.00000
 0 1 001 001 101 1001 0 1
   0.00000   0.00000
   0.00000   0.00000
 0 1 001 001 203 203 0 1
   0.00000   2.99043
  -11.44980   0.00000
 0 1 001 001 203 205 1 1
   1.72506
   0.00000
 0 1 001 001 203 1001 1 1
   0.00000
   0.00000
 0 1 001 001 205 205 0 1
   0.00000   9.18421
   6.27401   0.00000
 0 1 001 001 1001 1001 0 1
   0.00000   27.16725
   27.16725   0.00000
 0 1 001 103 001 103 1 2
   18.79294   0.00000
   0.00000   33.29763
 0 1 001 103 001 101 1 1
  -5.32658
   0.00000
 0 1 001 103 001 203 1 2
   0.00000   0.00000
   0.00000   0.00000
 0 1 001 103 001 205 2 2
   0.00000
   0.00000
 0 1 001 103 001 1001 1 1
   0.00000
   0.00000
 0 1 001 103 103 103 1 2
   0.00000   0.00000
   0.00000   0.00000
 0 1 001 103 103 101 1 2
   0.00000   0.00000
   0.00000   0.00000
 0 1 001 103 103 203 1 2
   3.43803   0.00000
   0.00000   10.88717
 0 1 001 103 103 205 1 2
  -5.66737   0.00000
   0.00000  -13.74592
 0 1 001 103 103 1001 1 2
  -1.35327   0.00000
   0.00000  -0.47889
 0 1 001 103 101 101 1 1
   0.00000
   0.00000
 0 1 001 103 101 203 1 2
  -3.64825   0.00000
   0.00000   13.00098
 0 1 001 103 101 205 2 2
   0.00000
  -18.25174
 0 1 001 103 101 1001 1 1
  -5.19886
   0.00000
 0 1 001 103 203 203 1 2
   0.00000   0.00000
   0.00000   0.00000
 0 1 001 103 203 205 1 2
   0.00000   0.00000
   0.00000   0.00000
 0 1 001 103 203 1001 1 2
   0.00000   0.00000
   0.00000   0.00000
 0 1 001 103 205 205 1 2
   0.00000   0.00000
   0.00000   0.00000
 0 1 001 103 205 1001 2 2
   0.00000
   0.00000
 0 1 001 103 1001 1001 1 1
   0.00000
   0.00000
 0 1 001 101 001 101 0 1
   0.00000   0.52179
   29.53116   0.00000
 0 1 001 101 001 203 1 1
   0.00000
   0.00000
 0 1 001 101 001 1001 0 1
   0.00000   0.00000
   0.00000   0.00000
 0 1 001 101 103 103 0 1
   0.00000   0.00000
   0.00000   0.00000
 0 1 001 101 103 101 1 1
   0.00000
   0.00000
 0 1 001 101 103 203 0 1
   0.00000  -1.69382
  -13.03529   0.00000
 0 1 001 101 103 205 1 1
  -2.63247
   0.00000
 0 1 001 101 103 1001 1 1
   0.61828
   0.00000
 0 1 001 101 101 101 0 1
   0.00000   0.00000
   0.00000   0.00000
 0 1 001 101 101 203 1 1
  -4.11695
   0.00000
 0 1 001 101 101 1001 0 1
   0.00000  -1.44849
  -3.19726   0.00000
 0 1 001 101 203 203 0 1
   0.00000   0.00000
   0.00000   0.00000
 0 1 001 101 203 205 1 1
   0.00000
   0.00000
 0 1 001 101 203 1001 1 1
   0.00000
   0.00000
 0 1 001 101 205 205 0 1
   0.00000   0.00000
   0.00000   0.00000
 0 1 001 101 1001 1001 0 1
   0.00000   0.00000
   0.00000   0.00000
 0 1 001 203 001 203 1 2
   6.03073   0.00000
   0.00000   15.70306
 0 1 001 203 001 205 2 2
   0.00000
  -3.94871
 0 1 001 203 001 1001 1 1
   0.00000
   0.00000
 0 1 001 203 103 103 1 2
   7.43586   0.00000
   0.00000   5.54236
 0 1 001 203 103 101 1 2
   5.76663   0.00000
   0.00000  -8.37932
 0 1 001 203 103 203 1 2
   0.00000   0.00000
   0.00000   0.00000
 0 1 001 203 103 205 1 2
   0.00000   0.00000
   0.00000   0.00000
 0 1 001 203 103 1001 1 2
   0.00000   0.00000
   0.00000   0.00000
 0 1 001 203 101 101 1 1
  -4.14291
   0.00000
 0 1 001 203 101 203 1 2
   0.00000   0.00000
   0.00000   0.00000
 0 1 001 203 101 205 2 2
   0.00000
   0.00000
 0 1 001 203 101 1001 1 1
   0.00000
   0.00000
 0 1 001 203 203 203 1 2
   0.01555   0.00000
   0.00000   13.19858
 0 1 001 203 203 205 1 2
  -0.00366   0.00000
   0.00000  -6.10976
 0 1 001 203 203 1001 1 2
   2.47528   0.00000
   0.00000   7.82990
 0 1 001 203 205 205 1 2
  -5.63899   0.00000
   0.00000  -5.14767
 0 1 001 203 205 1001 2 2
   0.00000
   2.18601
 0 1 001 203 1001 1001 1 1
   0.00000
   0.00000
 0 1 001 205 001 205 2 3
   0.00000   7.64279
   14.09101   0.00000
 0 1 001 205 103 103 2 3
   0.00000   3.03568
   6.78798   0.00000
 0 1 001 205 103 101 2 2
   0.00000
   4.95600
 0 1 001 205 103 203 2 3
   0.00000   0.00000
   0.00000   0.00000
 0 1 001 205 103 205 2 3
   0.00000   0.00000
   0.00000   0.00000
 0 1 001 205 103 1001 2 2
   0.00000
   0.00000
 0 1 001 205 101 203 2 2
   0.00000
   0.00000
 0 1 001 205 101 205 2 3
   0.00000   0.00000
   0.00000   0.00000
 0 1 001 205 203 203 2 3
   0.00000  -0.57143
   5.90034   0.00000
 0 1 001 205 203 205 2 3
   0.00000   0.49487
  -2.73133   0.00000
 0 1 001 205 203 1001 2 2
   0.00000
  -2.18601
 0 1 001 205 205 205 2 3
   0.00000  -4.30685
  -6.30458   0.00000
 0 1 001 205 205 1001 2 3
   0.00000  -3.36772
  -6.93747   0.00000
 0 1 001 1001 001 1001 0 1
   0.00000   61.34563
   61.34563   0.00000
 0 1 001 1001 103 103 0 1
   0.00000  -1.22905
  -0.91608   0.00000
 0 1 001 1001 103 101 1 1
   1.79111
   0.00000
 0 1 001 1001 103 203 0 1
   0.00000   0.00000
   0.00000   0.00000
 0 1 001 1001 103 205 1 1
   0.00000
   0.00000
 0 1 001 1001 103 1001 1 1
   0.00000
   0.00000
 0 1 001 1001 101 101 0 1
   0.00000   2.28669
  -1.42301   0.00000
 0 1 001 1001 101 203 1 1
   0.00000
   0.00000
 0 1 001 1001 101 1001 0 1
   0.00000   0.00000
   0.00000   0.00000
 0 1 001 1001 203 203 0 1
   0.00000  -3.03622
   8.44618   0.00000
 0 1 001 1001 203 205 1 1
  -0.91375
   0.00000
 0 1 001 1001 203 1001 1 1
   0.00000
   0.00000
 0 1 001 1001 205 205 0 1
   0.00000  -6.15853
  -4.20708   0.00000
 0 1 001 1001 1001 1001 0 1
   0.00000   26.89459
   26.89459   0.00000
 0 1 103 103 103 103 0 3
   0.00000   19.56042   0.00000   2.17338
   10.86690   0.00000   10.86690   0.00000
 0 1 103 103 103 101 1 2
  -2.66260   0.00000
   0.00000  -13.38353
 0 1 103 103 103 203 0 3
   0.00000   0.00000   0.00000   0.00000
   0.00000   0.00000   0.00000   0.00000
 0 1 103 103 103 205 1 3
   0.00000   0.00000   0.00000
   0.00000   0.00000   0.00000
 0 1 103 103 103 1001 1 2
   0.00000   0.00000
   0.00000   0.00000
 0 1 103 103 101 101 0 1
   0.00000   4.98405
  -19.08301   0.00000
 0 1 103 103 101 203 1 2
   0.00000   0.00000
   0.00000   0.00000
 0 1 103 103 101 205 2 3
   0.00000   0.00000
   0.00000   0.00000
 0 1 103 103 101 1001 0 1
   0.00000   0.00000
   0.00000   0.00000
 0 1 103 103 203 203 0 3
   0.00000  -2.71381   0.00000  -0.30153
   9.45228   0.00000   9.45228   0.00000
 0 1 103 103 203 205 1 3
  -2.15125   0.00000  -0.87825
   0.00000  -7.42068   0.00000
 0 1 103 103 203 1001 1 2
   0.68686   0.00000
   0.00000   0.51196
 0 1 103 103 205 205 0 3
   0.00000  -10.59948   0.00000  -2.20331
  -5.39699   0.00000  -7.21203   0.00000
 0 1 103 103 205 1001 2 3
   0.00000  -0.28041
  -0.62702   0.00000
 0 1 103 103 1001 1001 0 1
   0.00000  -6.49453
  -4.84074   0.00000
 0 1 103 101 103 101 1 2
   0.00000   0.00000
   0.00000   0.00000
 0 1 103 101 103 203 1 2
   0.00000   0.00000
   0.00000   0.00000
 0 1 103 101 103 205 1 2
   0.00000   0.00000
   0.00000   0.00000
 0 1 103 101 103 1001 1 2
   0.00000   0.00000
   0.00000   0.00000
 0 1 103 101 101 101 1 1
   0.00000
   0.00000
 0 1 103 101 101 203 1 2
   0.00000   0.00000
   0.00000   0.00000
 0 1 103 101 101 205 2 2
   0.00000
   0.00000
 0 1 103 101 101 1001 1 1
   0.00000
   0.00000
 0 1 103 101 203 203 1 2
   0.00000   0.00000
   0.00000   0.00000
 0 1 103 101 203 205 1 2
   0.00000   0.00000
   0.00000   0.00000
 0 1 103 101 203 1001 1 2
   0.00000   0.00000
   0.00000   0.00000
 0 1 103 101 205 205 1 2
   0.00000   0.00000
   0.00000   0.00000
 0 1 103 101 205 1001 2 2
   0.00000
   0.00000
 0 1 103 101 1001 1001 1 1
   0.00000
   0.00000
 0 1 103 203 103 203 0 3
   0.00000   2.20302   0.00000   0.24478
   8.53054   0.00000   8.53054   0.00000
 0 1 103 203 103 205 1 3
   1.13440   0.00000   0.46312
   0.00000  -3.54558   0.00000
 0 1 103 203 103 1001 1 2
  -1.30658   0.00000
   0.00000   3.63466
 0 1 103 203 101 101 0 1
   0.00000   0.00000
   0.00000   0.00000
 0 1 103 203 101 203 1 2
   0.94393   0.00000
   0.00000  -1.26574
 0 1 103 203 101 205 2 3
   0.00000  -0.25111
   1.04642   0.00000
 0 1 103 203 101 1001 0 1
   0.00000   1.25172
   7.45041   0.00000
 0 1 103 203 203 203 0 3
   0.00000   0.00000   0.00000   0.00000
   0.00000   0.00000   0.00000   0.00000
 0 1 103 203 203 205 1 3
   0.00000   0.00000   0.00000
   0.00000   0.00000   0.00000
 0 1 103 203 203 1001 1 2
   0.00000   0.00000
   0.00000   0.00000
 0 1 103 203 205 205 0 3
   0.00000   0.00000   0.00000   0.00000
   0.00000   0.00000   0.00000   0.00000
 0 1 103 203 205 1001 2 3
   0.00000   0.00000
   0.00000   0.00000
 0 1 103 203 1001 1001 0 1
   0.00000   0.00000
   0.00000   0.00000
 0 1 103 205 103 205 1 4
   3.14717   0.00000   4.72075   0.00000
   0.00000   9.87534   0.00000   1.64589
 0 1 103 205 103 1001 1 2
  -2.53932   0.00000
   0.00000  -6.73418
 0 1 103 205 101 101 1 1
   0.00000
   0.00000
 0 1 103 205 101 203 1 2
  -0.15733   0.00000
   0.00000  -10.89939
 0 1 103 205 101 205 2 3
   0.00000   0.18570
   8.93321   0.00000
 0 1 103 205 101 1001 1 1
   0.54152
   0.00000
 0 1 103 205 203 203 1 3
   0.00000   0.00000   0.00000
   0.00000   0.00000   0.00000
 0 1 103 205 203 205 1 4
   0.00000   0.00000   0.00000   0.00000
   0.00000   0.00000   0.00000   0.00000
 0 1 103 205 203 1001 1 2
   0.00000   0.00000
   0.00000   0.00000
 0 1 103 205 205 205 1 4
   0.00000   0.00000   0.00000   0.00000
   0.00000   0.00000   0.00000   0.00000
 0 1 103 205 205 1001 2 3
   0.00000   0.00000
   0.00000   0.00000
 0 1 103 205 1001 1001 1 1
   0.00000
   0.00000
 0 1 103 1001 103 1001 1 2
   0.00000   0.00000
   0.00000   0.00000
 0 1 103 1001 101 101 1 1
   0.00000
   0.00000
 0 1 103 1001 101 203 1 2
   0.00000   0.00000
   0.00000   0.00000
 0 1 103 1001 101 205 2 2
   0.00000
   0.00000
 0 1 103 1001 101 1001 1 1
   0.00000
   0.00000
 0 1 103 1001 203 203 1 2
   0.00000   0.00000
   0.00000   0.00000
 0 1 103 1001 203 205 1 2
   0.00000   0.00000
   0.00000   0.00000
 0 1 103 1001 203 1001 1 2
   0.00000   0.00000
   0.00000   0.00000
 0 1 103 1001 205 205 1 2
   0.00000   0.00000
   0.00000   0.00000
 0 1 103 1001 205 1001 2 2
   0.00000
   0.00000
 0 1 103 1001 1001 1001 1 1
   0.00000
   0.00000
 0 1 101 101 101 101 0 1
   0.00000   15.85195
   12.26961   0.00000
 0 1 101 101 101 203 1 1
   0.00000
   0.00000
 0 1 101 101 101 1001 0 1
   0.00000   0.00000
   0.00000   0.00000
 0 1 101 101 203 203 0 1
   0.00000  -8.64719
  -3.94725   0.00000
 0 1 101 101 203 205 1 1
   0.18399
   0.00000
 0 1 101 101 203 1001 1 1
   0.08217
   0.00000
 0 1 101 101 205 205 0 1
   0.00000  -1.51192
   9.51339   0.00000
 0 1 101 101 1001 1001 0 1
   0.00000  -3.11435
   7.67824   0.00000
 0 1 101 203 101 203 1 2
   6.37973   0.00000
   0.00000   18.44526
 0 1 101 203 101 205 2 2
   0.00000
   0.49868
 0 1 101 203 101 1001 1 1
   0.37878
   0.00000
 0 1 101 203 203 203 1 2
   0.00000   0.00000
   0.00000   0.00000
 0 1 101 203 203 205 1 2
   0.00000   0.00000
   0.00000   0.00000
 0 1 101 203 203 1001 1 2
   0.00000   0.00000
   0.00000   0.00000
 0 1 101 203 205 205 1 2
   0.00000   0.00000
   0.00000   0.00000
 0 1 101 203 205 1001 2 2
   0.00000
   0.00000
 0 1 101 203 1001 1001 1 1
   0.00000
   0.00000
 0 1 101 205 101 205 2 3
   0.00000   8.86387
   16.54165   0.00000
 0 1 101 205 203 203 2 3
   0.00000   0.00000
   0.00000   0.00000
 0 1 101 205 203 205 2 3
   0.00000   0.00000
   0.00000   0.00000
 0 1 101 205 203 1001 2 2
   0.00000
   0.00000
 0 1 101 205 205 205 2 3
   0.00000   0.00000
   0.00000   0.00000
 0 1 101 205 205 1001 2 3
   0.00000   0.00000
   0.00000   0.00000
 0 1 101 1001 101 1001 0 1
   0.00000  -2.96862
   4.22643   0.00000
 0 1 101 1001 203 203 0 1
   0.00000   0.00000
   0.00000   0.00000
 0 1 101 1001 203 205 1 1
   0.00000
   0.00000
 0 1 101 1001 203 1001 1 1
   0.00000
   0.00000
 0 1 101 1001 205 205 0 1
   0.00000   0.00000
   0.00000   0.00000
 0 1 101 1001 1001 1001 0 1
   0.00000   0.00000
   0.00000   0.00000
 0 1 203 203 203 203 0 3
   0.00000   7.95780   0.00000   0.88420
   1.55326   0.00000   1.55326   0.00000
 0 1 203 203 203 205 1 3
  -0.43409   0.00000  -0.17721
   0.00000  -2.46489   0.00000
 0 1 203 203 203 1001 1 2
  -0.29257   0.00000
   0.00000   4.73623
 0 1 203 203 205 205 0 3
   0.00000   1.50547   0.00000   0.31294
  -6.07860   0.00000  -8.12287   0.00000
 0 1 203 203 205 1001 2 3
   0.00000   0.24949
  -2.13890   0.00000
 0 1 203 203 1001 1001 0 1
   0.00000   2.44347
  -7.18229   0.00000
 0 1 203 205 203 205 1 4
   1.81430   0.00000   2.72145   0.00000
   0.00000   14.79217   0.00000   2.46536
 0 1 203 205 203 1001 1 2
   0.13792   0.00000
   0.00000  -4.38490
 0 1 203 205 205 205 1 4
   2.95027   0.00000   2.25331   0.00000
   0.00000   12.41114   0.00000   1.75520
 0 1 203 205 205 1001 2 3
   0.00000  -0.43213
   1.98024   0.00000
 0 1 203 205 1001 1001 1 1
   1.67365
   0.00000
 0 1 203 1001 203 1001 1 2
   0.00000   0.00000
   0.00000   0.00000
 0 1 203 1001 205 205 1 2
   0.00000   0.00000
   0.00000   0.00000
 0 1 203 1001 205 1001 2 2
   0.00000
   0.00000
 0 1 203 1001 1001 1001 1 1
   0.00000
   0.00000
 0 1 205 205 205 205 0 5
   0.00000   7.53802   0.00000   2.93145   0.00000   0.08376
   3.51774   0.00000   6.28168   0.00000   0.75380   0.00000
 0 1 205 205 205 1001 2 3
   0.00000   1.47304
   2.15630   0.00000
 0 1 205 205 1001 1001 0 1
   0.00000   5.33972
   3.64772   0.00000
 0 1 205 1001 205 1001 2 3
   0.00000   0.00000
   0.00000   0.00000
 0 1 1001 1001 1001 1001 0 1
   0.00000   25.05017
   25.05017   0.00000
