  BB INT. (SP SHELL)
 1 3 001 103 101
   0  0  0  
    0    0    0    0.333333    0.000000
 0 1 001 001 001 001 0 1
   0.00000  -2.78794
   22.40718   0.00000
 0 1 001 001 001 103 1 1
   0.00000
   0.00000
 0 1 001 001 001 101 0 1
   0.00000   0.00000
   0.00000   0.00000
 0 1 001 001 103 103 0 1
   0.00000   0.06116
  -2.66126   0.00000
 0 1 001 001 103 101 1 1
  -0.07736
   0.00000
 0 1 001 001 101 101 0 1
   0.00000  -0.01934
  -1.88180   0.00000
 0 1 001 103 001 103 1 2
  -3.66541  -7.73213
   21.28982   24.77484
 0 1 001 103 001 101 1 1
   1.64323
   1.48443
 0 1 001 103 103 103 1 2
   0.00000   0.00000
   0.00000   0.00000
 0 1 001 103 103 101 1 2
   0.00000   0.00000
   0.00000   0.00000
 0 1 001 103 101 101 1 1
   0.00000
   0.00000
 0 1 001 101 001 101 0 1
  -3.45791  -4.82734
   11.07965   20.24016
 0 1 001 101 103 103 0 1
   0.00000   0.00000
   0.00000   0.00000
 0 1 001 101 103 101 1 1
   0.00000
   0.00000
 0 1 001 101 101 101 0 1
   0.00000   0.00000
   0.00000   0.00000
 0 1 103 103 103 103 0 3
   0.00000  -2.57134   0.00000  -6.78747
   9.70759   0.00000   22.17453   0.00000
 0 1 103 103 103 101 1 2
   1.15108   0.00000
   0.00000  -1.70344
 0 1 103 103 101 101 0 1
   0.00000   1.16755
  -0.52880   0.00000
 0 1 103 101 103 101 1 2
  -3.67377  -5.73646
   18.10933   20.97002
 0 1 103 101 101 101 1 1
   0.74884
   0.00000
 0 1 101 101 101 101 0 1
   0.00000  -2.70075
   11.81193   0.00000
