  BB INT. (SPSD_11 SHELL)
 1 6 001 103 101 203 205 1001
   35.7  59.5  59.5  83.3  83.3  83.3  
    0    0    0    0.333333    0.000000
 0 1 001 001 001 001 0 1
   0.00000  -2.68249
  -2.68249   0.00000
 0 1 001 001 001 103 1 1
   0.00000
   0.00000
 0 1 001 001 001 101 0 1
   0.00000   0.00000
   0.00000   0.00000
 0 1 001 001 001 203 1 1
   0.00000
   0.00000
 0 1 001 001 001 1001 0 1
   0.00000   14.85493
   14.85493   0.00000
 0 1 001 001 103 103 0 1
   0.00000   9.04043
   12.12900   0.00000
 0 1 001 001 103 101 1 1
  -11.43533
   0.00000
 0 1 001 001 103 203 0 1
   0.00000   0.00000
   0.00000   0.00000
 0 1 001 001 103 205 1 1
   0.00000
   0.00000
 0 1 001 001 103 1001 1 1
   0.00000
   0.00000
 0 1 001 001 101 101 0 1
   0.00000  -2.85883
   8.57650   0.00000
 0 1 001 001 101 203 1 1
   0.00000
   0.00000
 0 1 001 001 101 1001 0 1
   0.00000   0.00000
   0.00000   0.00000
 0 1 001 001 203 203 0 1
   0.00000  -3.55013
   7.93833   0.00000
 0 1 001 001 203 205 1 1
   10.04128
   0.00000
 0 1 001 001 203 1001 1 1
   0.00000
   0.00000
 0 1 001 001 205 205 0 1
   0.00000   6.64168
   9.72243   0.00000
 0 1 001 001 1001 1001 0 1
   0.00000   14.03312
   14.03312   0.00000
 0 1 001 103 001 103 1 2
   191.31292   0.00000
   0.00000   286.96938
 0 1 001 103 001 101 1 1
   135.27866
   0.00000
 0 1 001 103 001 203 1 2
   0.00000   0.00000
   0.00000   0.00000
 0 1 001 103 001 205 2 2
   0.00000
   0.00000
 0 1 001 103 001 1001 1 1
   0.00000
   0.00000
 0 1 001 103 103 103 1 2
   0.00000   0.00000
   0.00000   0.00000
 0 1 001 103 103 101 1 2
   0.00000   0.00000
   0.00000   0.00000
 0 1 001 103 103 203 1 2
   52.11415   0.00000
   0.00000  -49.37002
 0 1 001 103 103 205 1 2
   98.90779   0.00000
   0.00000   113.12093
 0 1 001 103 103 1001 1 2
  -12.48281   0.00000
   0.00000  -39.03043
 0 1 001 103 101 101 1 1
   0.00000
   0.00000
 0 1 001 103 101 203 1 2
   90.84522   0.00000
   0.00000  -24.68501
 0 1 001 103 101 205 2 2
   0.00000
   120.93136
 0 1 001 103 101 1001 1 1
   37.54400
   0.00000
 0 1 001 103 203 203 1 2
   0.00000   0.00000
   0.00000   0.00000
 0 1 001 103 203 205 1 2
   0.00000   0.00000
   0.00000   0.00000
 0 1 001 103 203 1001 1 2
   0.00000   0.00000
   0.00000   0.00000
 0 1 001 103 205 205 1 2
   0.00000   0.00000
   0.00000   0.00000
 0 1 001 103 205 1001 2 2
   0.00000
   0.00000
 0 1 001 103 1001 1001 1 1
   0.00000
   0.00000
 0 1 001 101 001 101 0 1
   0.00000   95.65646
   286.96938   0.00000
 0 1 001 101 001 203 1 1
   0.00000
   0.00000
 0 1 001 101 001 1001 0 1
   0.00000   0.00000
   0.00000   0.00000
 0 1 001 101 103 103 0 1
   0.00000   0.00000
   0.00000   0.00000
 0 1 001 101 103 101 1 1
   0.00000
   0.00000
 0 1 001 101 103 203 0 1
   0.00000   4.36032
   174.54938   0.00000
 0 1 001 101 103 205 1 1
   94.30583
   0.00000
 0 1 001 101 103 1001 1 1
  -37.54400
   0.00000
 0 1 001 101 101 101 0 1
   0.00000   0.00000
   0.00000   0.00000
 0 1 001 101 101 203 1 1
   46.07484
   0.00000
 0 1 001 101 101 1001 0 1
   0.00000  -14.06481
   39.03043   0.00000
 0 1 001 101 203 203 0 1
   0.00000   0.00000
   0.00000   0.00000
 0 1 001 101 203 205 1 1
   0.00000
   0.00000
 0 1 001 101 203 1001 1 1
   0.00000
   0.00000
 0 1 001 101 205 205 0 1
   0.00000   0.00000
   0.00000   0.00000
 0 1 001 101 1001 1001 0 1
   0.00000   0.00000
   0.00000   0.00000
 0 1 001 203 001 203 1 2
  -28.44449   0.00000
   0.00000  -11.37779
 0 1 001 203 001 205 2 2
   0.00000
  -13.93490
 0 1 001 203 001 1001 1 1
   0.00000
   0.00000
 0 1 001 203 103 103 1 2
  -1.61299   0.00000
   0.00000  -2.16405
 0 1 001 203 103 101 1 2
  -2.55036   0.00000
   0.00000  -3.06043
 0 1 001 203 103 203 1 2
   0.00000   0.00000
   0.00000   0.00000
 0 1 001 203 103 205 1 2
   0.00000   0.00000
   0.00000   0.00000
 0 1 001 203 103 1001 1 2
   0.00000   0.00000
   0.00000   0.00000
 0 1 001 203 101 101 1 1
   5.10072
   0.00000
 0 1 001 203 101 203 1 2
   0.00000   0.00000
   0.00000   0.00000
 0 1 001 203 101 205 2 2
   0.00000
   0.00000
 0 1 001 203 101 1001 1 1
   0.00000
   0.00000
 0 1 001 203 203 203 1 2
   6.60449   0.00000
   0.00000  -2.95362
 0 1 001 203 203 205 1 2
   4.67008   0.00000
   0.00000   2.73452
 0 1 001 203 203 1001 1 2
   6.00721   0.00000
   0.00000   0.45554
 0 1 001 203 205 205 1 2
  -3.53025   0.00000
   0.00000  -3.86719
 0 1 001 203 205 1001 2 2
   0.00000
  -4.53292
 0 1 001 203 1001 1001 1 1
   0.00000
   0.00000
 0 1 001 205 001 205 2 3
   0.00000  -28.44449
  -17.06669   0.00000
 0 1 001 205 103 103 2 3
   0.00000  -5.92650
  -2.65041   0.00000
 0 1 001 205 103 101 2 2
   0.00000
  -3.74825
 0 1 001 205 103 203 2 3
   0.00000   0.00000
   0.00000   0.00000
 0 1 001 205 103 205 2 3
   0.00000   0.00000
   0.00000   0.00000
 0 1 001 205 103 1001 2 2
   0.00000
   0.00000
 0 1 001 205 101 203 2 2
   0.00000
   0.00000
 0 1 001 205 101 205 2 3
   0.00000   0.00000
   0.00000   0.00000
 0 1 001 205 203 203 2 3
   0.00000   1.15555
  -3.61743   0.00000
 0 1 001 205 203 205 2 3
   0.00000  -5.33724
   3.34909   0.00000
 0 1 001 205 203 1001 2 2
   0.00000
   4.53292
 0 1 001 205 205 205 2 3
   0.00000  -6.93327
  -4.73633   0.00000
 0 1 001 205 205 1001 2 3
   0.00000  -6.00721
  -2.30610   0.00000
 0 1 001 1001 001 1001 0 1
   0.00000  -11.60474
  -11.60474   0.00000
 0 1 001 1001 103 103 0 1
   0.00000   6.64159
   8.91062   0.00000
 0 1 001 1001 103 101 1 1
  -8.40102
   0.00000
 0 1 001 1001 103 203 0 1
   0.00000   0.00000
   0.00000   0.00000
 0 1 001 1001 103 205 1 1
   0.00000
   0.00000
 0 1 001 1001 103 1001 1 1
   0.00000
   0.00000
 0 1 001 1001 101 101 0 1
   0.00000  -2.10025
   6.30076   0.00000
 0 1 001 1001 101 203 1 1
   0.00000
   0.00000
 0 1 001 1001 101 1001 0 1
   0.00000   0.00000
   0.00000   0.00000
 0 1 001 1001 203 203 0 1
   0.00000   1.23504
  -2.76164   0.00000
 0 1 001 1001 203 205 1 1
  -3.49323
   0.00000
 0 1 001 1001 203 1001 1 1
   0.00000
   0.00000
 0 1 001 1001 205 205 0 1
   0.00000  -2.31055
  -3.38230   0.00000
 0 1 001 1001 1001 1001 0 1
   0.00000   9.97300
   9.97300   0.00000
 0 1 103 103 103 103 0 3
   0.00000   29.01075   0.00000  -8.60900
   21.44719   0.00000   29.05037   0.00000
 0 1 103 103 103 101 1 2
   11.95905   0.00000
   0.00000  -26.62920
 0 1 103 103 103 203 0 3
   0.00000   0.00000   0.00000   0.00000
   0.00000   0.00000   0.00000   0.00000
 0 1 103 103 103 205 1 3
   0.00000   0.00000   0.00000
   0.00000   0.00000   0.00000
 0 1 103 103 103 1001 1 2
   0.00000   0.00000
   0.00000   0.00000
 0 1 103 103 101 101 0 1
   0.00000   17.87594
  -18.69086   0.00000
 0 1 103 103 101 203 1 2
   0.00000   0.00000
   0.00000   0.00000
 0 1 103 103 101 205 2 3
   0.00000   0.00000
   0.00000   0.00000
 0 1 103 103 101 1001 0 1
   0.00000   0.00000
   0.00000   0.00000
 0 1 103 103 203 203 0 3
   0.00000   23.82683   0.00000   0.55975
  -29.07641   0.00000  -9.26447   0.00000
 0 1 103 103 203 205 1 3
  -17.41877   0.00000  -2.58540
   0.00000   26.99730   0.00000
 0 1 103 103 203 1001 1 2
  -0.68201   0.00000
   0.00000  -0.91501
 0 1 103 103 205 205 0 3
   0.00000   18.62415   0.00000  -3.35853
   5.00124   0.00000   22.60317   0.00000
 0 1 103 103 205 1001 2 3
   0.00000   2.50586
   1.12066   0.00000
 0 1 103 103 1001 1001 0 1
   0.00000  -3.05590
  -4.09992   0.00000
 0 1 103 101 103 101 1 2
   13.92324   0.00000
   0.00000   10.22069
 0 1 103 101 103 203 1 2
   0.00000   0.00000
   0.00000   0.00000
 0 1 103 101 103 205 1 2
   0.00000   0.00000
   0.00000   0.00000
 0 1 103 101 103 1001 1 2
   0.00000   0.00000
   0.00000   0.00000
 0 1 103 101 101 101 1 1
   15.04790
   0.00000
 0 1 103 101 101 203 1 2
   0.00000   0.00000
   0.00000   0.00000
 0 1 103 101 101 205 2 2
   0.00000
   0.00000
 0 1 103 101 101 1001 1 1
   0.00000
   0.00000
 0 1 103 101 203 203 1 2
   10.08922   0.00000
   0.00000   3.78033
 0 1 103 101 203 205 1 2
   5.99003   0.00000
   0.00000  -16.52486
 0 1 103 101 203 1001 1 2
  -1.07835   0.00000
   0.00000  -1.29402
 0 1 103 101 205 205 1 2
   22.19988   0.00000
   0.00000  -19.61048
 0 1 103 101 205 1001 2 2
   0.00000
   1.58485
 0 1 103 101 1001 1001 1 1
   3.86544
   0.00000
 0 1 103 203 103 203 0 3
   0.00000   130.35244   0.00000   101.00547
   0.00000   0.00000  -6.87420   0.00000
 0 1 103 203 103 205 1 3
  -114.94983   0.00000  -13.60171
   0.00000  -10.50051   0.00000
 0 1 103 203 103 1001 1 2
  -6.99695   0.00000
   0.00000   16.36926
 0 1 103 203 101 101 0 1
   0.00000   0.00000
   0.00000   0.00000
 0 1 103 203 101 203 1 2
   95.92599   0.00000
   0.00000  -6.87420
 0 1 103 203 101 205 2 3
   0.00000   98.48021
   5.61276   0.00000
 0 1 103 203 101 1001 0 1
   0.00000   15.98690
   57.87409   0.00000
 0 1 103 203 203 203 0 3
   0.00000   0.00000   0.00000   0.00000
   0.00000   0.00000   0.00000   0.00000
 0 1 103 203 203 205 1 3
   0.00000   0.00000   0.00000
   0.00000   0.00000   0.00000
 0 1 103 203 203 1001 1 2
   0.00000   0.00000
   0.00000   0.00000
 0 1 103 203 205 205 0 3
   0.00000   0.00000   0.00000   0.00000
   0.00000   0.00000   0.00000   0.00000
 0 1 103 203 205 1001 2 3
   0.00000   0.00000
   0.00000   0.00000
 0 1 103 203 1001 1001 0 1
   0.00000   0.00000
   0.00000   0.00000
 0 1 103 205 103 205 1 4
   77.61962   0.00000  -20.13756   0.00000
   0.00000  -16.03980   0.00000   0.00000
 0 1 103 205 103 1001 1 2
  -40.50577   0.00000
   0.00000  -37.50669
 0 1 103 205 101 101 1 1
   0.00000
   0.00000
 0 1 103 205 101 203 1 2
  -52.73053   0.00000
   0.00000  -10.50051
 0 1 103 205 101 205 2 3
   0.00000  -32.91150
   8.57363   0.00000
 0 1 103 205 101 1001 1 1
   20.36242
   0.00000
 0 1 103 205 203 203 1 3
   0.00000   0.00000   0.00000
   0.00000   0.00000   0.00000
 0 1 103 205 203 205 1 4
   0.00000   0.00000   0.00000   0.00000
   0.00000   0.00000   0.00000   0.00000
 0 1 103 205 203 1001 1 2
   0.00000   0.00000
   0.00000   0.00000
 0 1 103 205 205 205 1 4
   0.00000   0.00000   0.00000   0.00000
   0.00000   0.00000   0.00000   0.00000
 0 1 103 205 205 1001 2 3
   0.00000   0.00000
   0.00000   0.00000
 0 1 103 205 1001 1001 1 1
   0.00000
   0.00000
 0 1 103 1001 103 1001 1 2
   57.44230   0.00000
   0.00000   0.00000
 0 1 103 1001 101 101 1 1
   0.00000
   0.00000
 0 1 103 1001 101 203 1 2
  -24.37299   0.00000
   0.00000   8.18463
 0 1 103 1001 101 205 2 2
   0.00000
  -40.09634
 0 1 103 1001 101 1001 1 1
   81.23568
   0.00000
 0 1 103 1001 203 203 1 2
   0.00000   0.00000
   0.00000   0.00000
 0 1 103 1001 203 205 1 2
   0.00000   0.00000
   0.00000   0.00000
 0 1 103 1001 203 1001 1 2
   0.00000   0.00000
   0.00000   0.00000
 0 1 103 1001 205 205 1 2
   0.00000   0.00000
   0.00000   0.00000
 0 1 103 1001 205 1001 2 2
   0.00000
   0.00000
 0 1 103 1001 1001 1001 1 1
   0.00000
   0.00000
 0 1 101 101 101 101 0 1
   0.00000   4.56782
   34.66362   0.00000
 0 1 101 101 101 203 1 1
   0.00000
   0.00000
 0 1 101 101 101 1001 0 1
   0.00000   0.00000
   0.00000   0.00000
 0 1 101 101 203 203 0 1
   0.00000   8.86211
   21.64555   0.00000
 0 1 101 101 203 205 1 1
  -5.14175
   0.00000
 0 1 101 101 203 1001 1 1
   2.15670
   0.00000
 0 1 101 101 205 205 0 1
   0.00000   18.97635
  -30.92438   0.00000
 0 1 101 101 1001 1001 0 1
   0.00000   0.96636
  -2.89908   0.00000
 0 1 101 203 101 203 1 2
   27.84602   0.00000
   0.00000  -6.87420
 0 1 101 203 101 205 2 2
   0.00000
   5.61276
 0 1 101 203 101 1001 1 1
   23.40547
   0.00000
 0 1 101 203 203 203 1 2
   0.00000   0.00000
   0.00000   0.00000
 0 1 101 203 203 205 1 2
   0.00000   0.00000
   0.00000   0.00000
 0 1 101 203 203 1001 1 2
   0.00000   0.00000
   0.00000   0.00000
 0 1 101 203 205 205 1 2
   0.00000   0.00000
   0.00000   0.00000
 0 1 101 203 205 1001 2 2
   0.00000
   0.00000
 0 1 101 203 1001 1001 1 1
   0.00000
   0.00000
 0 1 101 205 101 205 2 3
   0.00000   78.44272
  -4.58280   0.00000
 0 1 101 205 203 203 2 3
   0.00000   0.00000
   0.00000   0.00000
 0 1 101 205 203 205 2 3
   0.00000   0.00000
   0.00000   0.00000
 0 1 101 205 203 1001 2 2
   0.00000
   0.00000
 0 1 101 205 205 205 2 3
   0.00000   0.00000
   0.00000   0.00000
 0 1 101 205 205 1001 2 3
   0.00000   0.00000
   0.00000   0.00000
 0 1 101 1001 101 1001 0 1
   0.00000   114.88460
   0.00000   0.00000
 0 1 101 1001 203 203 0 1
   0.00000   0.00000
   0.00000   0.00000
 0 1 101 1001 203 205 1 1
   0.00000
   0.00000
 0 1 101 1001 203 1001 1 1
   0.00000
   0.00000
 0 1 101 1001 205 205 0 1
   0.00000   0.00000
   0.00000   0.00000
 0 1 101 1001 1001 1001 0 1
   0.00000   0.00000
   0.00000   0.00000
 0 1 203 203 203 203 0 3
   0.00000   20.34830   0.00000  -1.52485
   43.45065   0.00000   17.44409   0.00000
 0 1 203 203 203 205 1 3
  -16.33583   0.00000  -8.45062
   0.00000   1.77225   0.00000
 0 1 203 203 203 1001 1 2
   2.97317   0.00000
   0.00000  -1.32964
 0 1 203 203 205 205 0 3
   0.00000   29.17686   0.00000   7.38424
  -25.70539   0.00000  -17.26246   0.00000
 0 1 203 203 205 1001 2 3
   0.00000  -0.52020
   1.62847   0.00000
 0 1 203 203 1001 1001 0 1
   0.00000  -1.28092
   2.86422   0.00000
 0 1 203 205 203 205 1 4
   10.91111   0.00000   8.13440   0.00000
   0.00000   37.03785   0.00000  -0.29414
 0 1 203 205 203 1001 1 2
   2.10235   0.00000
   0.00000   1.23101
 0 1 203 205 205 205 1 4
  -7.13385   0.00000  -12.90383   0.00000
   0.00000   29.64344   0.00000   12.24128
 0 1 203 205 205 1001 2 3
   0.00000   2.40268
  -1.50767   0.00000
 0 1 203 205 1001 1001 1 1
   3.62298
   0.00000
 0 1 203 1001 203 1001 1 2
  -23.86903   0.00000
   0.00000  -9.54761
 0 1 203 1001 205 205 1 2
  -1.58922   0.00000
   0.00000  -1.74091
 0 1 203 1001 205 1001 2 2
   0.00000
   11.69339
 0 1 203 1001 1001 1001 1 1
   0.00000
   0.00000
 0 1 205 205 205 205 0 5
   0.00000   38.34915   0.00000   4.36552   0.00000  -6.41478
   32.95647   0.00000   27.34694   0.00000   18.06777   0.00000
 0 1 205 205 205 1001 2 3
   0.00000   3.12117
   2.13217   0.00000
 0 1 205 205 1001 1001 0 1
   0.00000   2.39637
   3.50793   0.00000
 0 1 205 1001 205 1001 2 3
   0.00000  -23.86903
  -14.32142   0.00000
 0 1 1001 1001 1001 1001 0 1
   0.00000  -3.85899
  -3.85899   0.00000
