  BB INT. (SPSD SHELL)
 1 6 001 103 101 203 205 1001
   31.5  52.5  52.5  73.5  73.5  73.5  
    0    0    0    0.333333    0.000000
 0 1 001 001 001 001 0 1
   0.00000   10.44019
   10.44019   0.00000
 0 1 001 001 001 103 1 1
   0.00000
   0.00000
 0 1 001 001 001 101 0 1
   0.00000   0.00000
   0.00000   0.00000
 0 1 001 001 001 203 1 1
   0.00000
   0.00000
 0 1 001 001 001 1001 0 1
   0.00000   9.19081
   9.19081   0.00000
 0 1 001 001 103 103 0 1
   0.00000  -5.03401
  -3.75213   0.00000
 0 1 001 001 103 101 1 1
   1.32625
   0.00000
 0 1 001 001 103 203 0 1
   0.00000   0.00000
   0.00000   0.00000
 0 1 001 001 103 205 1 1
   0.00000
   0.00000
 0 1 001 001 103 1001 1 1
   0.00000
   0.00000
 0 1 001 001 101 101 0 1
   0.00000  -2.65382
   6.19137   0.00000
 0 1 001 001 101 203 1 1
   0.00000
   0.00000
 0 1 001 001 101 1001 0 1
   0.00000   0.00000
   0.00000   0.00000
 0 1 001 001 203 203 0 1
   0.00000   0.53151
  -2.58685   0.00000
 0 1 001 001 203 205 1 1
   0.45202
   0.00000
 0 1 001 001 203 1001 1 1
   0.00000
   0.00000
 0 1 001 001 205 205 0 1
   0.00000   2.18197
   1.49057   0.00000
 0 1 001 001 1001 1001 0 1
   0.00000   6.45436
   6.45436   0.00000
 0 1 001 103 001 103 1 2
   2.82418   0.00000
   0.00000   7.44357
 0 1 001 103 001 101 1 1
   0.76498
   0.00000
 0 1 001 103 001 203 1 2
   0.00000   0.00000
   0.00000   0.00000
 0 1 001 103 001 205 2 2
   0.00000
   0.00000
 0 1 001 103 001 1001 1 1
   0.00000
   0.00000
 0 1 001 103 103 103 1 2
   0.00000   0.00000
   0.00000   0.00000
 0 1 001 103 103 101 1 2
   0.00000   0.00000
   0.00000   0.00000
 0 1 001 103 103 203 1 2
  -0.00809   0.00000
   0.00000   2.74620
 0 1 001 103 103 205 1 2
  -1.27222   0.00000
   0.00000  -3.66410
 0 1 001 103 103 1001 1 2
  -0.61941   0.00000
   0.00000  -1.83843
 0 1 001 103 101 101 1 1
   0.00000
   0.00000
 0 1 001 103 101 203 1 2
  -1.57976   0.00000
   0.00000   3.92470
 0 1 001 103 101 205 2 2
   0.00000
  -5.11914
 0 1 001 103 101 1001 1 1
   0.42010
   0.00000
 0 1 001 103 203 203 1 2
   0.00000   0.00000
   0.00000   0.00000
 0 1 001 103 203 205 1 2
   0.00000   0.00000
   0.00000   0.00000
 0 1 001 103 203 1001 1 2
   0.00000   0.00000
   0.00000   0.00000
 0 1 001 103 205 205 1 2
   0.00000   0.00000
   0.00000   0.00000
 0 1 001 103 205 1001 2 2
   0.00000
   0.00000
 0 1 001 103 1001 1001 1 1
   0.00000
   0.00000
 0 1 001 101 001 101 0 1
   0.00000  -1.25429
   7.98450   0.00000
 0 1 001 101 001 203 1 1
   0.00000
   0.00000
 0 1 001 101 001 1001 0 1
   0.00000   0.00000
   0.00000   0.00000
 0 1 001 101 103 103 0 1
   0.00000   0.00000
   0.00000   0.00000
 0 1 001 101 103 101 1 1
   0.00000
   0.00000
 0 1 001 101 103 203 0 1
   0.00000  -0.09352
  -3.96194   0.00000
 0 1 001 101 103 205 1 1
  -0.87033
   0.00000
 0 1 001 101 103 1001 1 1
  -0.86198
   0.00000
 0 1 001 101 101 101 0 1
   0.00000   0.00000
   0.00000   0.00000
 0 1 001 101 101 203 1 1
  -1.14978
   0.00000
 0 1 001 101 101 1001 0 1
   0.00000  -0.30256
   2.13549   0.00000
 0 1 001 101 203 203 0 1
   0.00000   0.00000
   0.00000   0.00000
 0 1 001 101 203 205 1 1
   0.00000
   0.00000
 0 1 001 101 203 1001 1 1
   0.00000
   0.00000
 0 1 001 101 205 205 0 1
   0.00000   0.00000
   0.00000   0.00000
 0 1 001 101 1001 1001 0 1
   0.00000   0.00000
   0.00000   0.00000
 0 1 001 203 001 203 1 2
  -0.14925   0.00000
   0.00000   4.96786
 0 1 001 203 001 205 2 2
   0.00000
  -2.08905
 0 1 001 203 001 1001 1 1
   0.00000
   0.00000
 0 1 001 203 103 103 1 2
   1.33476   0.00000
   0.00000   0.99487
 0 1 001 203 103 101 1 2
   1.14162   0.00000
   0.00000  -1.61061
 0 1 001 203 103 203 1 2
   0.00000   0.00000
   0.00000   0.00000
 0 1 001 203 103 205 1 2
   0.00000   0.00000
   0.00000   0.00000
 0 1 001 203 103 1001 1 2
   0.00000   0.00000
   0.00000   0.00000
 0 1 001 203 101 101 1 1
  -0.53069
   0.00000
 0 1 001 203 101 203 1 2
   0.00000   0.00000
   0.00000   0.00000
 0 1 001 203 101 205 2 2
   0.00000
   0.00000
 0 1 001 203 101 1001 1 1
   0.00000
   0.00000
 0 1 001 203 203 203 1 2
   0.02005   0.00000
   0.00000   2.76465
 0 1 001 203 203 205 1 2
  -0.00473   0.00000
   0.00000  -1.27978
 0 1 001 203 203 1001 1 2
   0.71262   0.00000
   0.00000   0.38277
 0 1 001 203 205 205 1 2
  -1.18652   0.00000
   0.00000  -1.08314
 0 1 001 203 205 1001 2 2
   0.00000
  -0.13466
 0 1 001 203 1001 1001 1 1
   0.00000
   0.00000
 0 1 001 205 001 205 2 3
   0.00000   0.70360
   4.11501   0.00000
 0 1 001 205 103 103 2 3
   0.00000   0.54491
   1.21847   0.00000
 0 1 001 205 103 101 2 2
   0.00000
   0.86788
 0 1 001 205 103 203 2 3
   0.00000   0.00000
   0.00000   0.00000
 0 1 001 205 103 205 2 3
   0.00000   0.00000
   0.00000   0.00000
 0 1 001 205 103 1001 2 2
   0.00000
   0.00000
 0 1 001 205 101 203 2 2
   0.00000
   0.00000
 0 1 001 205 101 205 2 3
   0.00000   0.00000
   0.00000   0.00000
 0 1 001 205 203 203 2 3
   0.00000  -0.11719
   1.23470   0.00000
 0 1 001 205 203 205 2 3
   0.00000   0.10149
  -0.57156   0.00000
 0 1 001 205 203 1001 2 2
   0.00000
   0.13466
 0 1 001 205 205 205 2 3
   0.00000  -0.90622
  -1.32657   0.00000
 0 1 001 205 205 1001 2 3
   0.00000  -0.65764
  -0.43774   0.00000
 0 1 001 1001 001 1001 0 1
   0.00000   12.73628
   12.73628   0.00000
 0 1 001 1001 103 103 0 1
   0.00000  -1.25762
  -0.93737   0.00000
 0 1 001 1001 103 101 1 1
   0.90004
   0.00000
 0 1 001 1001 103 203 0 1
   0.00000   0.00000
   0.00000   0.00000
 0 1 001 1001 103 205 1 1
   0.00000
   0.00000
 0 1 001 1001 103 1001 1 1
   0.00000
   0.00000
 0 1 001 1001 101 101 0 1
   0.00000   0.47444
   0.40933   0.00000
 0 1 001 1001 101 203 1 1
   0.00000
   0.00000
 0 1 001 1001 101 1001 0 1
   0.00000   0.00000
   0.00000   0.00000
 0 1 001 1001 203 203 0 1
   0.00000  -0.76434
   1.43685   0.00000
 0 1 001 1001 203 205 1 1
  -0.04836
   0.00000
 0 1 001 1001 203 1001 1 1
   0.00000
   0.00000
 0 1 001 1001 205 205 0 1
   0.00000  -0.86370
  -0.59002   0.00000
 0 1 001 1001 1001 1001 0 1
   0.00000   6.63596
   6.63596   0.00000
 0 1 103 103 103 103 0 3
   0.00000   4.49194   0.00000   0.49910
   2.49552   0.00000   2.49552   0.00000
 0 1 103 103 103 101 1 2
   0.46176   0.00000
   0.00000  -3.91403
 0 1 103 103 103 203 0 3
   0.00000   0.00000   0.00000   0.00000
   0.00000   0.00000   0.00000   0.00000
 0 1 103 103 103 205 1 3
   0.00000   0.00000   0.00000
   0.00000   0.00000   0.00000
 0 1 103 103 103 1001 1 2
   0.00000   0.00000
   0.00000   0.00000
 0 1 103 103 101 101 0 1
   0.00000   3.37279
  -6.00249   0.00000
 0 1 103 103 101 203 1 2
   0.00000   0.00000
   0.00000   0.00000
 0 1 103 103 101 205 2 3
   0.00000   0.00000
   0.00000   0.00000
 0 1 103 103 101 1001 0 1
   0.00000   0.00000
   0.00000   0.00000
 0 1 103 103 203 203 0 3
   0.00000  -1.95021   0.00000  -0.21669
   3.65627   0.00000   3.65627   0.00000
 0 1 103 103 203 205 1 3
  -0.16560   0.00000  -0.06760
   0.00000  -2.37475   0.00000
 0 1 103 103 203 1001 1 2
   0.10973   0.00000
   0.00000   0.08179
 0 1 103 103 205 205 0 3
   0.00000  -3.16938   0.00000  -0.65882
  -1.61377   0.00000  -2.15649   0.00000
 0 1 103 103 205 1001 2 3
   0.00000  -0.04480
  -0.10017   0.00000
 0 1 103 103 1001 1001 0 1
   0.00000  -1.95666
  -1.45841   0.00000
 0 1 103 101 103 101 1 2
   0.00000   0.00000
   0.00000   0.00000
 0 1 103 101 103 203 1 2
   0.00000   0.00000
   0.00000   0.00000
 0 1 103 101 103 205 1 2
   0.00000   0.00000
   0.00000   0.00000
 0 1 103 101 103 1001 1 2
   0.00000   0.00000
   0.00000   0.00000
 0 1 103 101 101 101 1 1
   0.00000
   0.00000
 0 1 103 101 101 203 1 2
   0.00000   0.00000
   0.00000   0.00000
 0 1 103 101 101 205 2 2
   0.00000
   0.00000
 0 1 103 101 101 1001 1 1
   0.00000
   0.00000
 0 1 103 101 203 203 1 2
   0.00000   0.00000
   0.00000   0.00000
 0 1 103 101 203 205 1 2
   0.00000   0.00000
   0.00000   0.00000
 0 1 103 101 203 1001 1 2
   0.00000   0.00000
   0.00000   0.00000
 0 1 103 101 205 205 1 2
   0.00000   0.00000
   0.00000   0.00000
 0 1 103 101 205 1001 2 2
   0.00000
   0.00000
 0 1 103 101 1001 1001 1 1
   0.00000
   0.00000
 0 1 103 203 103 203 0 3
   0.00000  -0.73472   0.00000  -0.08164
   3.38149   0.00000   3.38149   0.00000
 0 1 103 203 103 205 1 3
   0.81066   0.00000   0.33095
   0.00000  -1.59641   0.00000
 0 1 103 203 103 1001 1 2
  -0.27586   0.00000
   0.00000   0.43695
 0 1 103 203 101 101 0 1
   0.00000   0.00000
   0.00000   0.00000
 0 1 103 203 101 203 1 2
   0.95932   0.00000
   0.00000  -0.44972
 0 1 103 203 101 205 2 3
   0.00000  -0.17837
   0.55217   0.00000
 0 1 103 203 101 1001 0 1
   0.00000  -0.23792
   0.73139   0.00000
 0 1 103 203 203 203 0 3
   0.00000   0.00000   0.00000   0.00000
   0.00000   0.00000   0.00000   0.00000
 0 1 103 203 203 205 1 3
   0.00000   0.00000   0.00000
   0.00000   0.00000   0.00000
 0 1 103 203 203 1001 1 2
   0.00000   0.00000
   0.00000   0.00000
 0 1 103 203 205 205 0 3
   0.00000   0.00000   0.00000   0.00000
   0.00000   0.00000   0.00000   0.00000
 0 1 103 203 205 1001 2 3
   0.00000   0.00000
   0.00000   0.00000
 0 1 103 203 1001 1001 0 1
   0.00000   0.00000
   0.00000   0.00000
 0 1 103 205 103 205 1 4
   0.69113   0.00000   1.03670   0.00000
   0.00000   3.10514   0.00000   0.51752
 0 1 103 205 103 1001 1 2
  -0.16669   0.00000
   0.00000  -0.66468
 0 1 103 205 101 101 1 1
   0.00000
   0.00000
 0 1 103 205 101 203 1 2
   1.28417   0.00000
   0.00000  -4.60703
 0 1 103 205 101 205 2 3
   0.00000  -0.87889
   4.24602   0.00000
 0 1 103 205 101 1001 1 1
  -0.03281
   0.00000
 0 1 103 205 203 203 1 3
   0.00000   0.00000   0.00000
   0.00000   0.00000   0.00000
 0 1 103 205 203 205 1 4
   0.00000   0.00000   0.00000   0.00000
   0.00000   0.00000   0.00000   0.00000
 0 1 103 205 203 1001 1 2
   0.00000   0.00000
   0.00000   0.00000
 0 1 103 205 205 205 1 4
   0.00000   0.00000   0.00000   0.00000
   0.00000   0.00000   0.00000   0.00000
 0 1 103 205 205 1001 2 3
   0.00000   0.00000
   0.00000   0.00000
 0 1 103 205 1001 1001 1 1
   0.00000
   0.00000
 0 1 103 1001 103 1001 1 2
   0.00000   0.00000
   0.00000   0.00000
 0 1 103 1001 101 101 1 1
   0.00000
   0.00000
 0 1 103 1001 101 203 1 2
   0.00000   0.00000
   0.00000   0.00000
 0 1 103 1001 101 205 2 2
   0.00000
   0.00000
 0 1 103 1001 101 1001 1 1
   0.00000
   0.00000
 0 1 103 1001 203 203 1 2
   0.00000   0.00000
   0.00000   0.00000
 0 1 103 1001 203 205 1 2
   0.00000   0.00000
   0.00000   0.00000
 0 1 103 1001 203 1001 1 2
   0.00000   0.00000
   0.00000   0.00000
 0 1 103 1001 205 205 1 2
   0.00000   0.00000
   0.00000   0.00000
 0 1 103 1001 205 1001 2 2
   0.00000
   0.00000
 0 1 103 1001 1001 1001 1 1
   0.00000
   0.00000
 0 1 101 101 101 101 0 1
   0.00000   2.25964
   3.70641   0.00000
 0 1 101 101 101 203 1 1
   0.00000
   0.00000
 0 1 101 101 101 1001 0 1
   0.00000   0.00000
   0.00000   0.00000
 0 1 101 101 203 203 0 1
   0.00000  -2.07603
  -1.72492   0.00000
 0 1 101 101 203 205 1 1
   0.27802
   0.00000
 0 1 101 101 203 1001 1 1
   0.05139
   0.00000
 0 1 101 101 205 205 0 1
   0.00000  -1.45533
   3.56662   0.00000
 0 1 101 101 1001 1001 0 1
   0.00000  -0.55429
   1.92929   0.00000
 0 1 101 203 101 203 1 2
   1.13742   0.00000
   0.00000   3.87161
 0 1 101 203 101 205 2 2
   0.00000
   0.19368
 0 1 101 203 101 1001 1 1
  -0.17494
   0.00000
 0 1 101 203 203 203 1 2
   0.00000   0.00000
   0.00000   0.00000
 0 1 101 203 203 205 1 2
   0.00000   0.00000
   0.00000   0.00000
 0 1 101 203 203 1001 1 2
   0.00000   0.00000
   0.00000   0.00000
 0 1 101 203 205 205 1 2
   0.00000   0.00000
   0.00000   0.00000
 0 1 101 203 205 1001 2 2
   0.00000
   0.00000
 0 1 101 203 1001 1001 1 1
   0.00000
   0.00000
 0 1 101 205 101 205 2 3
   0.00000   0.87454
   5.57744   0.00000
 0 1 101 205 203 203 2 3
   0.00000   0.00000
   0.00000   0.00000
 0 1 101 205 203 205 2 3
   0.00000   0.00000
   0.00000   0.00000
 0 1 101 205 203 1001 2 2
   0.00000
   0.00000
 0 1 101 205 205 205 2 3
   0.00000   0.00000
   0.00000   0.00000
 0 1 101 205 205 1001 2 3
   0.00000   0.00000
   0.00000   0.00000
 0 1 101 1001 101 1001 0 1
   0.00000  -1.02679
   4.55308   0.00000
 0 1 101 1001 203 203 0 1
   0.00000   0.00000
   0.00000   0.00000
 0 1 101 1001 203 205 1 1
   0.00000
   0.00000
 0 1 101 1001 203 1001 1 1
   0.00000
   0.00000
 0 1 101 1001 205 205 0 1
   0.00000   0.00000
   0.00000   0.00000
 0 1 101 1001 1001 1001 0 1
   0.00000   0.00000
   0.00000   0.00000
 0 1 203 203 203 203 0 3
   0.00000   2.05485   0.00000   0.22832
   1.23747   0.00000   1.23747   0.00000
 0 1 203 203 203 205 1 3
  -0.48212   0.00000  -0.19683
   0.00000  -0.45946   0.00000
 0 1 203 203 203 1001 1 2
  -0.10319   0.00000
   0.00000   0.91040
 0 1 203 203 205 205 0 3
   0.00000   2.24090   0.00000   0.46582
  -3.22494   0.00000  -4.30950   0.00000
 0 1 203 203 205 1001 2 3
   0.00000   0.05496
  -0.41454   0.00000
 0 1 203 203 1001 1001 0 1
   0.00000   0.45548
  -1.56531   0.00000
 0 1 203 205 203 205 1 4
   0.12241   0.00000   0.18361   0.00000
   0.00000   5.08337   0.00000   0.84723
 0 1 203 205 203 1001 1 2
   0.04865   0.00000
   0.00000  -0.84287
 0 1 203 205 205 205 1 4
  -0.17346   0.00000  -0.13248   0.00000
   0.00000   5.16966   0.00000   0.73110
 0 1 203 205 205 1001 2 3
   0.00000  -0.09519
   0.38379   0.00000
 0 1 203 205 1001 1001 1 1
   0.43134
   0.00000
 0 1 203 1001 203 1001 1 2
   0.00000   0.00000
   0.00000   0.00000
 0 1 203 1001 205 205 1 2
   0.00000   0.00000
   0.00000   0.00000
 0 1 203 1001 205 1001 2 2
   0.00000
   0.00000
 0 1 203 1001 1001 1001 1 1
   0.00000
   0.00000
 0 1 205 205 205 205 0 5
   0.00000   2.69595   0.00000   1.04843   0.00000   0.02996
   1.25811   0.00000   2.24663   0.00000   0.26960   0.00000
 0 1 205 205 205 1001 2 3
   0.00000   0.27174
   0.39778   0.00000
 0 1 205 205 1001 1001 0 1
   0.00000   1.22094
   0.83406   0.00000
 0 1 205 1001 205 1001 2 3
   0.00000   0.00000
   0.00000   0.00000
 0 1 1001 1001 1001 1001 0 1
   0.00000   5.73523
   5.73523   0.00000
