  BB INT. (SPSD_13 SHELL)
 1 6 001 103 101 203 205 1001
   35.7  59.5  59.5  83.3  83.3  83.3  
    0    0    0    0.333333    0.000000
 0 1 001 001 001 001 0 1
   0.00000  -8.85530
  -8.85530   0.00000
 0 1 001 001 001 103 1 1
   0.00000
   0.00000
 0 1 001 001 001 101 0 1
   0.00000   0.00000
   0.00000   0.00000
 0 1 001 001 001 203 1 1
   0.00000
   0.00000
 0 1 001 001 001 1001 0 1
   0.00000   1.92967
   1.92967   0.00000
 0 1 001 001 103 103 0 1
   0.00000   0.61022
   0.45483   0.00000
 0 1 001 001 103 101 1 1
   0.10720
   0.00000
 0 1 001 001 103 203 0 1
   0.00000   0.00000
   0.00000   0.00000
 0 1 001 001 103 205 1 1
   0.00000
   0.00000
 0 1 001 001 103 1001 1 1
   0.00000
   0.00000
 0 1 001 001 101 101 0 1
   0.00000  -0.42882
  -0.42882   0.00000
 0 1 001 001 101 203 1 1
   0.00000
   0.00000
 0 1 001 001 101 1001 0 1
   0.00000   0.00000
   0.00000   0.00000
 0 1 001 001 203 203 0 1
   0.00000  -0.53148
  -0.39614   0.00000
 0 1 001 001 203 205 1 1
  -0.08351
   0.00000
 0 1 001 001 203 1001 1 1
   0.00000
   0.00000
 0 1 001 001 205 205 0 1
   0.00000   0.78913
   0.53908   0.00000
 0 1 001 001 1001 1001 0 1
   0.00000   5.21962
   5.21962   0.00000
 0 1 001 103 001 103 1 2
   0.00000   0.00000
   0.00000   0.00000
 0 1 001 103 001 101 1 1
   0.00000
   0.00000
 0 1 001 103 001 203 1 2
   0.00000   0.00000
   0.00000   0.00000
 0 1 001 103 001 205 2 2
   0.00000
   0.00000
 0 1 001 103 001 1001 1 1
   0.00000
   0.00000
 0 1 001 103 103 103 1 2
   0.00000   0.00000
   0.00000   0.00000
 0 1 001 103 103 101 1 2
   0.00000   0.00000
   0.00000   0.00000
 0 1 001 103 103 203 1 2
   0.00000   0.00000
   0.00000   0.00000
 0 1 001 103 103 205 1 2
   0.00000   0.00000
   0.00000   0.00000
 0 1 001 103 103 1001 1 2
   0.00000   0.00000
   0.00000   0.00000
 0 1 001 103 101 101 1 1
   0.00000
   0.00000
 0 1 001 103 101 203 1 2
   0.00000   0.00000
   0.00000   0.00000
 0 1 001 103 101 205 2 2
   0.00000
   0.00000
 0 1 001 103 101 1001 1 1
   0.00000
   0.00000
 0 1 001 103 203 203 1 2
   0.00000   0.00000
   0.00000   0.00000
 0 1 001 103 203 205 1 2
   0.00000   0.00000
   0.00000   0.00000
 0 1 001 103 203 1001 1 2
   0.00000   0.00000
   0.00000   0.00000
 0 1 001 103 205 205 1 2
   0.00000   0.00000
   0.00000   0.00000
 0 1 001 103 205 1001 2 2
   0.00000
   0.00000
 0 1 001 103 1001 1001 1 1
   0.00000
   0.00000
 0 1 001 101 001 101 0 1
   0.00000   0.00000
   0.00000   0.00000
 0 1 001 101 001 203 1 1
   0.00000
   0.00000
 0 1 001 101 001 1001 0 1
   0.00000   0.00000
   0.00000   0.00000
 0 1 001 101 103 103 0 1
   0.00000   0.00000
   0.00000   0.00000
 0 1 001 101 103 101 1 1
   0.00000
   0.00000
 0 1 001 101 103 203 0 1
   0.00000   0.00000
   0.00000   0.00000
 0 1 001 101 103 205 1 1
   0.00000
   0.00000
 0 1 001 101 103 1001 1 1
   0.00000
   0.00000
 0 1 001 101 101 101 0 1
   0.00000   0.00000
   0.00000   0.00000
 0 1 001 101 101 203 1 1
   0.00000
   0.00000
 0 1 001 101 101 1001 0 1
   0.00000   0.00000
   0.00000   0.00000
 0 1 001 101 203 203 0 1
   0.00000   0.00000
   0.00000   0.00000
 0 1 001 101 203 205 1 1
   0.00000
   0.00000
 0 1 001 101 203 1001 1 1
   0.00000
   0.00000
 0 1 001 101 205 205 0 1
   0.00000   0.00000
   0.00000   0.00000
 0 1 001 101 1001 1001 0 1
   0.00000   0.00000
   0.00000   0.00000
 0 1 001 203 001 203 1 2
   0.00000   0.00000
   0.00000   0.00000
 0 1 001 203 001 205 2 2
   0.00000
   0.00000
 0 1 001 203 001 1001 1 1
   0.00000
   0.00000
 0 1 001 203 103 103 1 2
   0.00000   0.00000
   0.00000   0.00000
 0 1 001 203 103 101 1 2
   0.00000   0.00000
   0.00000   0.00000
 0 1 001 203 103 203 1 2
   0.00000   0.00000
   0.00000   0.00000
 0 1 001 203 103 205 1 2
   0.00000   0.00000
   0.00000   0.00000
 0 1 001 203 103 1001 1 2
   0.00000   0.00000
   0.00000   0.00000
 0 1 001 203 101 101 1 1
   0.00000
   0.00000
 0 1 001 203 101 203 1 2
   0.00000   0.00000
   0.00000   0.00000
 0 1 001 203 101 205 2 2
   0.00000
   0.00000
 0 1 001 203 101 1001 1 1
   0.00000
   0.00000
 0 1 001 203 203 203 1 2
   0.00000   0.00000
   0.00000   0.00000
 0 1 001 203 203 205 1 2
   0.00000   0.00000
   0.00000   0.00000
 0 1 001 203 203 1001 1 2
   0.00000   0.00000
   0.00000   0.00000
 0 1 001 203 205 205 1 2
   0.00000   0.00000
   0.00000   0.00000
 0 1 001 203 205 1001 2 2
   0.00000
   0.00000
 0 1 001 203 1001 1001 1 1
   0.00000
   0.00000
 0 1 001 205 001 205 2 3
   0.00000   0.00000
   0.00000   0.00000
 0 1 001 205 103 103 2 3
   0.00000   0.00000
   0.00000   0.00000
 0 1 001 205 103 101 2 2
   0.00000
   0.00000
 0 1 001 205 103 203 2 3
   0.00000   0.00000
   0.00000   0.00000
 0 1 001 205 103 205 2 3
   0.00000   0.00000
   0.00000   0.00000
 0 1 001 205 103 1001 2 2
   0.00000
   0.00000
 0 1 001 205 101 203 2 2
   0.00000
   0.00000
 0 1 001 205 101 205 2 3
   0.00000   0.00000
   0.00000   0.00000
 0 1 001 205 203 203 2 3
   0.00000   0.00000
   0.00000   0.00000
 0 1 001 205 203 205 2 3
   0.00000   0.00000
   0.00000   0.00000
 0 1 001 205 203 1001 2 2
   0.00000
   0.00000
 0 1 001 205 205 205 2 3
   0.00000   0.00000
   0.00000   0.00000
 0 1 001 205 205 1001 2 3
   0.00000   0.00000
   0.00000   0.00000
 0 1 001 1001 001 1001 0 1
   0.00000  -11.72775
  -11.72775   0.00000
 0 1 001 1001 103 103 0 1
   0.00000   2.59656
   1.93536   0.00000
 0 1 001 1001 103 101 1 1
   0.45617
   0.00000
 0 1 001 1001 103 203 0 1
   0.00000   0.00000
   0.00000   0.00000
 0 1 001 1001 103 205 1 1
   0.00000
   0.00000
 0 1 001 1001 103 1001 1 1
   0.00000
   0.00000
 0 1 001 1001 101 101 0 1
   0.00000  -1.82468
  -1.82468   0.00000
 0 1 001 1001 101 203 1 1
   0.00000
   0.00000
 0 1 001 1001 101 1001 0 1
   0.00000   0.00000
   0.00000   0.00000
 0 1 001 1001 203 203 0 1
   0.00000  -0.24102
  -0.17965   0.00000
 0 1 001 1001 203 205 1 1
  -0.03787
   0.00000
 0 1 001 1001 203 1001 1 1
   0.00000
   0.00000
 0 1 001 1001 205 205 0 1
   0.00000   0.35787
   0.24447   0.00000
 0 1 001 1001 1001 1001 0 1
   0.00000   4.29674
   4.29674   0.00000
 0 1 103 103 103 103 0 3
   0.00000  -2.07234   0.00000  -0.23026
  -1.15130   0.00000  -1.15130   0.00000
 0 1 103 103 103 101 1 2
   0.58415   0.00000
   0.00000   0.43540
 0 1 103 103 103 203 0 3
   0.00000   0.00000   0.00000   0.00000
   0.00000   0.00000   0.00000   0.00000
 0 1 103 103 103 205 1 3
   0.00000   0.00000   0.00000
   0.00000   0.00000   0.00000
 0 1 103 103 103 1001 1 2
   0.00000   0.00000
   0.00000   0.00000
 0 1 103 103 101 101 0 1
   0.00000   0.50807
   0.37869   0.00000
 0 1 103 103 101 203 1 2
   0.00000   0.00000
   0.00000   0.00000
 0 1 103 103 101 205 2 3
   0.00000   0.00000
   0.00000   0.00000
 0 1 103 103 101 1001 0 1
   0.00000   0.00000
   0.00000   0.00000
 0 1 103 103 203 203 0 3
   0.00000   0.45794   0.00000   0.05088
   0.25441   0.00000   0.25441   0.00000
 0 1 103 103 203 205 1 3
  -0.03732   0.00000  -0.01523
   0.00000  -0.04072   0.00000
 0 1 103 103 203 1001 1 2
   0.00000   0.00000
   0.00000   0.00000
 0 1 103 103 205 205 0 3
   0.00000  -0.88646   0.00000  -0.18427
  -0.45136   0.00000  -0.60316   0.00000
 0 1 103 103 205 1001 2 3
   0.00000   0.00000
   0.00000   0.00000
 0 1 103 103 1001 1001 0 1
   0.00000  -1.15534
  -0.86114   0.00000
 0 1 103 101 103 101 1 2
   0.00000   0.00000
   0.00000   0.00000
 0 1 103 101 103 203 1 2
   0.00000   0.00000
   0.00000   0.00000
 0 1 103 101 103 205 1 2
   0.00000   0.00000
   0.00000   0.00000
 0 1 103 101 103 1001 1 2
   0.00000   0.00000
   0.00000   0.00000
 0 1 103 101 101 101 1 1
   0.00000
   0.00000
 0 1 103 101 101 203 1 2
   0.00000   0.00000
   0.00000   0.00000
 0 1 103 101 101 205 2 2
   0.00000
   0.00000
 0 1 103 101 101 1001 1 1
   0.00000
   0.00000
 0 1 103 101 203 203 1 2
   0.00000   0.00000
   0.00000   0.00000
 0 1 103 101 203 205 1 2
   0.00000   0.00000
   0.00000   0.00000
 0 1 103 101 203 1001 1 2
   0.00000   0.00000
   0.00000   0.00000
 0 1 103 101 205 205 1 2
   0.00000   0.00000
   0.00000   0.00000
 0 1 103 101 205 1001 2 2
   0.00000
   0.00000
 0 1 103 101 1001 1001 1 1
   0.00000
   0.00000
 0 1 103 203 103 203 0 3
   0.00000   0.00000   0.00000   0.00000
   0.00000   0.00000   0.00000   0.00000
 0 1 103 203 103 205 1 3
   0.00000   0.00000   0.00000
   0.00000   0.00000   0.00000
 0 1 103 203 103 1001 1 2
   0.00000   0.00000
   0.00000   0.00000
 0 1 103 203 101 101 0 1
   0.00000   0.00000
   0.00000   0.00000
 0 1 103 203 101 203 1 2
   0.00000   0.00000
   0.00000   0.00000
 0 1 103 203 101 205 2 3
   0.00000   0.00000
   0.00000   0.00000
 0 1 103 203 101 1001 0 1
   0.00000   0.00000
   0.00000   0.00000
 0 1 103 203 203 203 0 3
   0.00000   0.00000   0.00000   0.00000
   0.00000   0.00000   0.00000   0.00000
 0 1 103 203 203 205 1 3
   0.00000   0.00000   0.00000
   0.00000   0.00000   0.00000
 0 1 103 203 203 1001 1 2
   0.00000   0.00000
   0.00000   0.00000
 0 1 103 203 205 205 0 3
   0.00000   0.00000   0.00000   0.00000
   0.00000   0.00000   0.00000   0.00000
 0 1 103 203 205 1001 2 3
   0.00000   0.00000
   0.00000   0.00000
 0 1 103 203 1001 1001 0 1
   0.00000   0.00000
   0.00000   0.00000
 0 1 103 205 103 205 1 4
   0.00000   0.00000   0.00000   0.00000
   0.00000   0.00000   0.00000   0.00000
 0 1 103 205 103 1001 1 2
   0.00000   0.00000
   0.00000   0.00000
 0 1 103 205 101 101 1 1
   0.00000
   0.00000
 0 1 103 205 101 203 1 2
   0.00000   0.00000
   0.00000   0.00000
 0 1 103 205 101 205 2 3
   0.00000   0.00000
   0.00000   0.00000
 0 1 103 205 101 1001 1 1
   0.00000
   0.00000
 0 1 103 205 203 203 1 3
   0.00000   0.00000   0.00000
   0.00000   0.00000   0.00000
 0 1 103 205 203 205 1 4
   0.00000   0.00000   0.00000   0.00000
   0.00000   0.00000   0.00000   0.00000
 0 1 103 205 203 1001 1 2
   0.00000   0.00000
   0.00000   0.00000
 0 1 103 205 205 205 1 4
   0.00000   0.00000   0.00000   0.00000
   0.00000   0.00000   0.00000   0.00000
 0 1 103 205 205 1001 2 3
   0.00000   0.00000
   0.00000   0.00000
 0 1 103 205 1001 1001 1 1
   0.00000
   0.00000
 0 1 103 1001 103 1001 1 2
   0.00000   0.00000
   0.00000   0.00000
 0 1 103 1001 101 101 1 1
   0.00000
   0.00000
 0 1 103 1001 101 203 1 2
   0.00000   0.00000
   0.00000   0.00000
 0 1 103 1001 101 205 2 2
   0.00000
   0.00000
 0 1 103 1001 101 1001 1 1
   0.00000
   0.00000
 0 1 103 1001 203 203 1 2
   0.00000   0.00000
   0.00000   0.00000
 0 1 103 1001 203 205 1 2
   0.00000   0.00000
   0.00000   0.00000
 0 1 103 1001 203 1001 1 2
   0.00000   0.00000
   0.00000   0.00000
 0 1 103 1001 205 205 1 2
   0.00000   0.00000
   0.00000   0.00000
 0 1 103 1001 205 1001 2 2
   0.00000
   0.00000
 0 1 103 1001 1001 1001 1 1
   0.00000
   0.00000
 0 1 101 101 101 101 0 1
   0.00000  -1.04724
  -1.04724   0.00000
 0 1 101 101 101 203 1 1
   0.00000
   0.00000
 0 1 101 101 101 1001 0 1
   0.00000   0.00000
   0.00000   0.00000
 0 1 101 101 203 203 0 1
   0.00000  -0.64813
  -0.48308   0.00000
 0 1 101 101 203 205 1 1
   0.10314
   0.00000
 0 1 101 101 203 1001 1 1
   0.00000
   0.00000
 0 1 101 101 205 205 0 1
   0.00000   0.41529
   0.28370   0.00000
 0 1 101 101 1001 1001 0 1
   0.00000   0.81189
   0.81189   0.00000
 0 1 101 203 101 203 1 2
   0.00000   0.00000
   0.00000   0.00000
 0 1 101 203 101 205 2 2
   0.00000
   0.00000
 0 1 101 203 101 1001 1 1
   0.00000
   0.00000
 0 1 101 203 203 203 1 2
   0.00000   0.00000
   0.00000   0.00000
 0 1 101 203 203 205 1 2
   0.00000   0.00000
   0.00000   0.00000
 0 1 101 203 203 1001 1 2
   0.00000   0.00000
   0.00000   0.00000
 0 1 101 203 205 205 1 2
   0.00000   0.00000
   0.00000   0.00000
 0 1 101 203 205 1001 2 2
   0.00000
   0.00000
 0 1 101 203 1001 1001 1 1
   0.00000
   0.00000
 0 1 101 205 101 205 2 3
   0.00000   0.00000
   0.00000   0.00000
 0 1 101 205 203 203 2 3
   0.00000   0.00000
   0.00000   0.00000
 0 1 101 205 203 205 2 3
   0.00000   0.00000
   0.00000   0.00000
 0 1 101 205 203 1001 2 2
   0.00000
   0.00000
 0 1 101 205 205 205 2 3
   0.00000   0.00000
   0.00000   0.00000
 0 1 101 205 205 1001 2 3
   0.00000   0.00000
   0.00000   0.00000
 0 1 101 1001 101 1001 0 1
   0.00000   13.45040
   13.45040   0.00000
 0 1 101 1001 203 203 0 1
   0.00000   0.00000
   0.00000   0.00000
 0 1 101 1001 203 205 1 1
   0.00000
   0.00000
 0 1 101 1001 203 1001 1 1
   0.00000
   0.00000
 0 1 101 1001 205 205 0 1
   0.00000   0.00000
   0.00000   0.00000
 0 1 101 1001 1001 1001 0 1
   0.00000   0.00000
   0.00000   0.00000
 0 1 203 203 203 203 0 3
   0.00000  -0.52349   0.00000  -0.05817
  -0.29083   0.00000  -0.29083   0.00000
 0 1 203 203 203 205 1 3
   0.14145   0.00000   0.05774
   0.00000   0.15433   0.00000
 0 1 203 203 203 1001 1 2
   0.00000   0.00000
   0.00000   0.00000
 0 1 203 203 205 205 0 3
   0.00000   0.27190   0.00000   0.05652
   0.13844   0.00000   0.18500   0.00000
 0 1 203 203 205 1001 2 3
   0.00000   0.00000
   0.00000   0.00000
 0 1 203 203 1001 1001 0 1
   0.00000  -0.13675
  -0.10193   0.00000
 0 1 203 205 203 205 1 4
  -0.07938   0.00000  -0.11907   0.00000
   0.00000  -0.17009   0.00000  -0.02835
 0 1 203 205 203 1001 1 2
   0.00000   0.00000
   0.00000   0.00000
 0 1 203 205 205 205 1 4
  -0.21652   0.00000  -0.16537   0.00000
   0.00000  -0.28934   0.00000  -0.04092
 0 1 203 205 205 1001 2 3
   0.00000   0.00000
   0.00000   0.00000
 0 1 203 205 1001 1001 1 1
  -0.04298
   0.00000
 0 1 203 1001 203 1001 1 2
   0.00000   0.00000
   0.00000   0.00000
 0 1 203 1001 205 205 1 2
   0.00000   0.00000
   0.00000   0.00000
 0 1 203 1001 205 1001 2 2
   0.00000
   0.00000
 0 1 203 1001 1001 1001 1 1
   0.00000
   0.00000
 0 1 205 205 205 205 0 5
   0.00000  -0.68904   0.00000  -0.26796   0.00000  -0.00766
  -0.32155   0.00000  -0.57420   0.00000  -0.06890   0.00000
 0 1 205 205 205 1001 2 3
   0.00000   0.00000
   0.00000   0.00000
 0 1 205 205 1001 1001 0 1
   0.00000   0.20305
   0.13871   0.00000
 0 1 205 1001 205 1001 2 3
   0.00000   0.00000
   0.00000   0.00000
 0 1 1001 1001 1001 1001 0 1
   0.00000  -1.52940
  -1.52940   0.00000
