  BB INT. (SPSD SHELL)
 1 6 001 103 101 203 205 1001
   35.7  59.5  59.5  83.3  83.3  83.3  
    0    0    0    0.333333    0.000000
 0 1 001 001 001 001 0 1
   0.00000   0.59010
   0.59010   0.00000
 0 1 001 001 001 103 1 1
   0.00000
   0.00000
 0 1 001 001 001 101 0 1
   0.00000   0.00000
   0.00000   0.00000
 0 1 001 001 001 203 1 1
   0.00000
   0.00000
 0 1 001 001 001 1001 0 1
   0.00000  -0.57379
  -0.57379   0.00000
 0 1 001 001 103 103 0 1
   0.00000   0.31428
   0.23425   0.00000
 0 1 001 001 103 101 1 1
   0.22402
   0.00000
 0 1 001 001 103 203 0 1
   0.00000   0.00000
   0.00000   0.00000
 0 1 001 001 103 205 1 1
   0.00000
   0.00000
 0 1 001 001 103 1001 1 1
   0.00000
   0.00000
 0 1 001 001 101 101 0 1
   0.00000   0.11676
  -0.77932   0.00000
 0 1 001 001 101 203 1 1
   0.00000
   0.00000
 0 1 001 001 101 1001 0 1
   0.00000   0.00000
   0.00000   0.00000
 0 1 001 001 203 203 0 1
   0.00000   0.04755
  -0.27369   0.00000
 0 1 001 001 203 205 1 1
  -0.04888
   0.00000
 0 1 001 001 203 1001 1 1
   0.00000
   0.00000
 0 1 001 001 205 205 0 1
   0.00000   0.14238
   0.09727   0.00000
 0 1 001 001 1001 1001 0 1
   0.00000   0.42117
   0.42117   0.00000
 0 1 001 103 001 103 1 2
   0.03362   0.00000
   0.00000   0.48402
 0 1 001 103 001 101 1 1
   0.16231
   0.00000
 0 1 001 103 001 203 1 2
   0.00000   0.00000
   0.00000   0.00000
 0 1 001 103 001 205 2 2
   0.00000
   0.00000
 0 1 001 103 001 1001 1 1
   0.00000
   0.00000
 0 1 001 103 103 103 1 2
   0.00000   0.00000
   0.00000   0.00000
 0 1 001 103 103 101 1 2
   0.00000   0.00000
   0.00000   0.00000
 0 1 001 103 103 203 1 2
   0.06945   0.00000
   0.00000  -0.22284
 0 1 001 103 103 205 1 2
   0.05140   0.00000
   0.00000   0.25501
 0 1 001 103 103 1001 1 2
   0.00288   0.00000
   0.00000   0.12082
 0 1 001 103 101 101 1 1
   0.00000
   0.00000
 0 1 001 103 101 203 1 2
   0.03921   0.00000
   0.00000  -0.23539
 0 1 001 103 101 205 2 2
   0.00000
   0.07778
 0 1 001 103 101 1001 1 1
  -0.04880
   0.00000
 0 1 001 103 203 203 1 2
   0.00000   0.00000
   0.00000   0.00000
 0 1 001 103 203 205 1 2
   0.00000   0.00000
   0.00000   0.00000
 0 1 001 103 203 1001 1 2
   0.00000   0.00000
   0.00000   0.00000
 0 1 001 103 205 205 1 2
   0.00000   0.00000
   0.00000   0.00000
 0 1 001 103 205 1001 2 2
   0.00000
   0.00000
 0 1 001 103 1001 1001 1 1
   0.00000
   0.00000
 0 1 001 101 001 101 0 1
   0.00000  -0.30201
   0.59879   0.00000
 0 1 001 101 001 203 1 1
   0.00000
   0.00000
 0 1 001 101 001 1001 0 1
   0.00000   0.00000
   0.00000   0.00000
 0 1 001 101 103 103 0 1
   0.00000   0.00000
   0.00000   0.00000
 0 1 001 101 103 101 1 1
   0.00000
   0.00000
 0 1 001 101 103 203 0 1
   0.00000  -0.10238
   0.31204   0.00000
 0 1 001 101 103 205 1 1
   0.08684
   0.00000
 0 1 001 101 103 1001 1 1
   0.08340
   0.00000
 0 1 001 101 101 101 0 1
   0.00000   0.00000
   0.00000   0.00000
 0 1 001 101 101 203 1 1
   0.08418
   0.00000
 0 1 001 101 101 1001 0 1
   0.00000   0.08056
  -0.15532   0.00000
 0 1 001 101 203 203 0 1
   0.00000   0.00000
   0.00000   0.00000
 0 1 001 101 203 205 1 1
   0.00000
   0.00000
 0 1 001 101 203 1001 1 1
   0.00000
   0.00000
 0 1 001 101 205 205 0 1
   0.00000   0.00000
   0.00000   0.00000
 0 1 001 101 1001 1001 0 1
   0.00000   0.00000
   0.00000   0.00000
 0 1 001 203 001 203 1 2
  -0.14982   0.00000
   0.00000   0.34184
 0 1 001 203 001 205 2 2
   0.00000
  -0.20072
 0 1 001 203 001 1001 1 1
   0.00000
   0.00000
 0 1 001 203 103 103 1 2
  -0.07976   0.00000
   0.00000  -0.05945
 0 1 001 203 103 101 1 2
   0.04204   0.00000
   0.00000   0.04204
 0 1 001 203 103 203 1 2
   0.00000   0.00000
   0.00000   0.00000
 0 1 001 203 103 205 1 2
   0.00000   0.00000
   0.00000   0.00000
 0 1 001 203 103 1001 1 2
   0.00000   0.00000
   0.00000   0.00000
 0 1 001 203 101 101 1 1
  -0.08408
   0.00000
 0 1 001 203 101 203 1 2
   0.00000   0.00000
   0.00000   0.00000
 0 1 001 203 101 205 2 2
   0.00000
   0.00000
 0 1 001 203 101 1001 1 1
   0.00000
   0.00000
 0 1 001 203 203 203 1 2
  -0.05428   0.00000
   0.00000   0.05319
 0 1 001 203 203 205 1 2
   0.00273   0.00000
   0.00000  -0.03936
 0 1 001 203 203 1001 1 2
  -0.06186   0.00000
   0.00000  -0.03757
 0 1 001 203 205 205 1 2
  -0.07609   0.00000
   0.00000  -0.06946
 0 1 001 203 205 1001 2 2
   0.00000
   0.00992
 0 1 001 203 1001 1001 1 1
   0.00000
   0.00000
 0 1 001 205 001 205 2 3
   0.00000  -0.06788
   0.25990   0.00000
 0 1 001 205 103 103 2 3
   0.00000  -0.03256
  -0.07281   0.00000
 0 1 001 205 103 101 2 2
   0.00000
   0.27743
 0 1 001 205 103 203 2 3
   0.00000   0.00000
   0.00000   0.00000
 0 1 001 205 103 205 2 3
   0.00000   0.00000
   0.00000   0.00000
 0 1 001 205 103 1001 2 2
   0.00000
   0.00000
 0 1 001 205 101 203 2 2
   0.00000
   0.00000
 0 1 001 205 101 205 2 3
   0.00000   0.00000
   0.00000   0.00000
 0 1 001 205 203 203 2 3
   0.00000  -0.03004
   0.23870   0.00000
 0 1 001 205 203 205 2 3
   0.00000   0.01091
  -0.12854   0.00000
 0 1 001 205 203 1001 2 2
   0.00000
  -0.00992
 0 1 001 205 205 205 2 3
   0.00000  -0.05812
  -0.08507   0.00000
 0 1 001 205 205 1001 2 3
   0.00000   0.05782
   0.04162   0.00000
 0 1 001 1001 001 1001 0 1
   0.00000   0.76988
   0.76988   0.00000
 0 1 001 1001 103 103 0 1
   0.00000  -0.09847
  -0.07340   0.00000
 0 1 001 1001 103 101 1 1
  -0.00424
   0.00000
 0 1 001 1001 103 203 0 1
   0.00000   0.00000
   0.00000   0.00000
 0 1 001 1001 103 205 1 1
   0.00000
   0.00000
 0 1 001 1001 103 1001 1 1
   0.00000
   0.00000
 0 1 001 1001 101 101 0 1
   0.00000   0.09531
   0.11229   0.00000
 0 1 001 1001 101 203 1 1
   0.00000
   0.00000
 0 1 001 1001 101 1001 0 1
   0.00000   0.00000
   0.00000   0.00000
 0 1 001 1001 203 203 0 1
   0.00000   0.07509
  -0.14154   0.00000
 0 1 001 1001 203 205 1 1
  -0.03123
   0.00000
 0 1 001 1001 203 1001 1 1
   0.00000
   0.00000
 0 1 001 1001 205 205 0 1
   0.00000   0.05114
   0.03494   0.00000
 0 1 001 1001 1001 1001 0 1
   0.00000  -0.42252
  -0.42252   0.00000
 0 1 103 103 103 103 0 3
   0.00000   0.23803   0.00000   0.02645
   0.13224   0.00000   0.13224   0.00000
 0 1 103 103 103 101 1 2
   0.25039   0.00000
   0.00000  -0.23189
 0 1 103 103 103 203 0 3
   0.00000   0.00000   0.00000   0.00000
   0.00000   0.00000   0.00000   0.00000
 0 1 103 103 103 205 1 3
   0.00000   0.00000   0.00000
   0.00000   0.00000   0.00000
 0 1 103 103 103 1001 1 2
   0.00000   0.00000
   0.00000   0.00000
 0 1 103 103 101 101 0 1
   0.00000   0.34095
  -0.58290   0.00000
 0 1 103 103 101 203 1 2
   0.00000   0.00000
   0.00000   0.00000
 0 1 103 103 101 205 2 3
   0.00000   0.00000
   0.00000   0.00000
 0 1 103 103 101 1001 0 1
   0.00000   0.00000
   0.00000   0.00000
 0 1 103 103 203 203 0 3
   0.00000   0.22910   0.00000   0.02546
  -0.34472   0.00000  -0.34472   0.00000
 0 1 103 103 203 205 1 3
  -0.08729   0.00000  -0.03564
   0.00000   0.12325   0.00000
 0 1 103 103 203 1001 1 2
   0.00523   0.00000
   0.00000   0.00390
 0 1 103 103 205 205 0 3
   0.00000   0.18647   0.00000   0.03876
   0.09495   0.00000   0.12688   0.00000
 0 1 103 103 205 1001 2 3
   0.00000  -0.00214
  -0.00478   0.00000
 0 1 103 103 1001 1001 0 1
   0.00000   0.12666
   0.09441   0.00000
 0 1 103 101 103 101 1 2
   0.00000   0.00000
   0.00000   0.00000
 0 1 103 101 103 203 1 2
   0.00000   0.00000
   0.00000   0.00000
 0 1 103 101 103 205 1 2
   0.00000   0.00000
   0.00000   0.00000
 0 1 103 101 103 1001 1 2
   0.00000   0.00000
   0.00000   0.00000
 0 1 103 101 101 101 1 1
   0.00000
   0.00000
 0 1 103 101 101 203 1 2
   0.00000   0.00000
   0.00000   0.00000
 0 1 103 101 101 205 2 2
   0.00000
   0.00000
 0 1 103 101 101 1001 1 1
   0.00000
   0.00000
 0 1 103 101 203 203 1 2
   0.00000   0.00000
   0.00000   0.00000
 0 1 103 101 203 205 1 2
   0.00000   0.00000
   0.00000   0.00000
 0 1 103 101 203 1001 1 2
   0.00000   0.00000
   0.00000   0.00000
 0 1 103 101 205 205 1 2
   0.00000   0.00000
   0.00000   0.00000
 0 1 103 101 205 1001 2 2
   0.00000
   0.00000
 0 1 103 101 1001 1001 1 1
   0.00000
   0.00000
 0 1 103 203 103 203 0 3
   0.00000  -0.20308   0.00000  -0.02256
   0.25872   0.00000   0.25872   0.00000
 0 1 103 203 103 205 1 3
   0.09054   0.00000   0.03696
   0.00000  -0.14444   0.00000
 0 1 103 203 103 1001 1 2
  -0.03447   0.00000
   0.00000   0.03672
 0 1 103 203 101 101 0 1
   0.00000   0.00000
   0.00000   0.00000
 0 1 103 203 101 203 1 2
   0.11783   0.00000
   0.00000  -0.21220
 0 1 103 203 101 205 2 3
   0.00000  -0.03737
   0.16140   0.00000
 0 1 103 203 101 1001 0 1
   0.00000  -0.04352
   0.05583   0.00000
 0 1 103 203 203 203 0 3
   0.00000   0.00000   0.00000   0.00000
   0.00000   0.00000   0.00000   0.00000
 0 1 103 203 203 205 1 3
   0.00000   0.00000   0.00000
   0.00000   0.00000   0.00000
 0 1 103 203 203 1001 1 2
   0.00000   0.00000
   0.00000   0.00000
 0 1 103 203 205 205 0 3
   0.00000   0.00000   0.00000   0.00000
   0.00000   0.00000   0.00000   0.00000
 0 1 103 203 205 1001 2 3
   0.00000   0.00000
   0.00000   0.00000
 0 1 103 203 1001 1001 0 1
   0.00000   0.00000
   0.00000   0.00000
 0 1 103 205 103 205 1 4
   0.01284   0.00000   0.01926   0.00000
   0.00000   0.18674   0.00000   0.03112
 0 1 103 205 103 1001 1 2
  -0.00085   0.00000
   0.00000  -0.04210
 0 1 103 205 101 101 1 1
   0.00000
   0.00000
 0 1 103 205 101 203 1 2
   0.13949   0.00000
   0.00000  -0.30162
 0 1 103 205 101 205 2 3
   0.00000  -0.16548
   0.21521   0.00000
 0 1 103 205 101 1001 1 1
   0.00576
   0.00000
 0 1 103 205 203 203 1 3
   0.00000   0.00000   0.00000
   0.00000   0.00000   0.00000
 0 1 103 205 203 205 1 4
   0.00000   0.00000   0.00000   0.00000
   0.00000   0.00000   0.00000   0.00000
 0 1 103 205 203 1001 1 2
   0.00000   0.00000
   0.00000   0.00000
 0 1 103 205 205 205 1 4
   0.00000   0.00000   0.00000   0.00000
   0.00000   0.00000   0.00000   0.00000
 0 1 103 205 205 1001 2 3
   0.00000   0.00000
   0.00000   0.00000
 0 1 103 205 1001 1001 1 1
   0.00000
   0.00000
 0 1 103 1001 103 1001 1 2
   0.00000   0.00000
   0.00000   0.00000
 0 1 103 1001 101 101 1 1
   0.00000
   0.00000
 0 1 103 1001 101 203 1 2
   0.00000   0.00000
   0.00000   0.00000
 0 1 103 1001 101 205 2 2
   0.00000
   0.00000
 0 1 103 1001 101 1001 1 1
   0.00000
   0.00000
 0 1 103 1001 203 203 1 2
   0.00000   0.00000
   0.00000   0.00000
 0 1 103 1001 203 205 1 2
   0.00000   0.00000
   0.00000   0.00000
 0 1 103 1001 203 1001 1 2
   0.00000   0.00000
   0.00000   0.00000
 0 1 103 1001 205 205 1 2
   0.00000   0.00000
   0.00000   0.00000
 0 1 103 1001 205 1001 2 2
   0.00000
   0.00000
 0 1 103 1001 1001 1001 1 1
   0.00000
   0.00000
 0 1 101 101 101 101 0 1
   0.00000  -0.02034
   0.58673   0.00000
 0 1 101 101 101 203 1 1
   0.00000
   0.00000
 0 1 101 101 101 1001 0 1
   0.00000   0.00000
   0.00000   0.00000
 0 1 101 101 203 203 0 1
   0.00000   0.05794
   0.27199   0.00000
 0 1 101 101 203 205 1 1
  -0.04976
   0.00000
 0 1 101 101 203 1001 1 1
   0.00552
   0.00000
 0 1 101 101 205 205 0 1
   0.00000   0.17848
  -0.33225   0.00000
 0 1 101 101 1001 1001 0 1
   0.00000  -0.00281
  -0.26422   0.00000
 0 1 101 203 101 203 1 2
  -0.06163   0.00000
   0.00000   0.38133
 0 1 101 203 101 205 2 2
   0.00000
   0.04278
 0 1 101 203 101 1001 1 1
   0.02494
   0.00000
 0 1 101 203 203 203 1 2
   0.00000   0.00000
   0.00000   0.00000
 0 1 101 203 203 205 1 2
   0.00000   0.00000
   0.00000   0.00000
 0 1 101 203 203 1001 1 2
   0.00000   0.00000
   0.00000   0.00000
 0 1 101 203 205 205 1 2
   0.00000   0.00000
   0.00000   0.00000
 0 1 101 203 205 1001 2 2
   0.00000
   0.00000
 0 1 101 203 1001 1001 1 1
   0.00000
   0.00000
 0 1 101 205 101 205 2 3
   0.00000  -0.03460
   0.26131   0.00000
 0 1 101 205 203 203 2 3
   0.00000   0.00000
   0.00000   0.00000
 0 1 101 205 203 205 2 3
   0.00000   0.00000
   0.00000   0.00000
 0 1 101 205 203 1001 2 2
   0.00000
   0.00000
 0 1 101 205 205 205 2 3
   0.00000   0.00000
   0.00000   0.00000
 0 1 101 205 205 1001 2 3
   0.00000   0.00000
   0.00000   0.00000
 0 1 101 1001 101 1001 0 1
   0.00000  -0.20833
   0.32886   0.00000
 0 1 101 1001 203 203 0 1
   0.00000   0.00000
   0.00000   0.00000
 0 1 101 1001 203 205 1 1
   0.00000
   0.00000
 0 1 101 1001 203 1001 1 1
   0.00000
   0.00000
 0 1 101 1001 205 205 0 1
   0.00000   0.00000
   0.00000   0.00000
 0 1 101 1001 1001 1001 0 1
   0.00000   0.00000
   0.00000   0.00000
 0 1 203 203 203 203 0 3
   0.00000   0.03271   0.00000   0.00363
   0.18384   0.00000   0.18384   0.00000
 0 1 203 203 203 205 1 3
  -0.05292   0.00000  -0.02160
   0.00000   0.05730   0.00000
 0 1 203 203 203 1001 1 2
   0.01968   0.00000
   0.00000  -0.01830
 0 1 203 203 205 205 0 3
   0.00000   0.27230   0.00000   0.05660
  -0.29131   0.00000  -0.38927   0.00000
 0 1 203 203 205 1001 2 3
   0.00000  -0.01314
   0.07831   0.00000
 0 1 203 203 1001 1001 0 1
   0.00000   0.04497
  -0.16040   0.00000
 0 1 203 205 203 205 1 4
  -0.01595   0.00000  -0.02393   0.00000
   0.00000   0.16359   0.00000   0.02727
 0 1 203 205 203 1001 1 2
  -0.00354   0.00000
   0.00000   0.02535
 0 1 203 205 205 205 1 4
  -0.17592   0.00000  -0.13436   0.00000
   0.00000   0.29685   0.00000   0.04198
 0 1 203 205 205 1001 2 3
   0.00000   0.01415
  -0.08280   0.00000
 0 1 203 205 1001 1001 1 1
  -0.06132
   0.00000
 0 1 203 1001 203 1001 1 2
   0.00000   0.00000
   0.00000   0.00000
 0 1 203 1001 205 205 1 2
   0.00000   0.00000
   0.00000   0.00000
 0 1 203 1001 205 1001 2 2
   0.00000
   0.00000
 0 1 203 1001 1001 1001 1 1
   0.00000
   0.00000
 0 1 205 205 205 205 0 5
   0.00000   0.14447   0.00000   0.05618   0.00000   0.00161
   0.06742   0.00000   0.12039   0.00000   0.01445   0.00000
 0 1 205 205 205 1001 2 3
   0.00000  -0.01658
  -0.02427   0.00000
 0 1 205 205 1001 1001 0 1
   0.00000   0.07583
   0.05180   0.00000
 0 1 205 1001 205 1001 2 3
   0.00000   0.00000
   0.00000   0.00000
 0 1 1001 1001 1001 1001 0 1
   0.00000   0.33162
   0.33162   0.00000
