  BB INT. (SPSD SHELL)
 1 6 001 103 101 203 205 1001
   35.7  59.5  59.5  83.3  83.3  83.3  
    0    0    0    0.333333    0.000000
 0 1 001 001 001 001 0 1
   0.00000   15.44047
   15.44047   0.00000
 0 1 001 001 001 103 1 1
   0.00000
   0.00000
 0 1 001 001 001 101 0 1
   0.00000   0.00000
   0.00000   0.00000
 0 1 001 001 001 203 1 1
   0.00000
   0.00000
 0 1 001 001 001 1001 0 1
   0.00000   13.06859
   13.06859   0.00000
 0 1 001 001 103 103 0 1
   0.00000  -7.15796
  -5.33523   0.00000
 0 1 001 001 103 101 1 1
   1.39289
   0.00000
 0 1 001 001 103 203 0 1
   0.00000   0.00000
   0.00000   0.00000
 0 1 001 001 103 205 1 1
   0.00000
   0.00000
 0 1 001 001 103 1001 1 1
   0.00000
   0.00000
 0 1 001 001 101 101 0 1
   0.00000  -4.75938
   9.78949   0.00000
 0 1 001 001 101 203 1 1
   0.00000
   0.00000
 0 1 001 001 101 1001 0 1
   0.00000   0.00000
   0.00000   0.00000
 0 1 001 001 203 203 0 1
   0.00000   1.43245
  -4.08515   0.00000
 0 1 001 001 203 205 1 1
   0.45754
   0.00000
 0 1 001 001 203 1001 1 1
   0.00000
   0.00000
 0 1 001 001 205 205 0 1
   0.00000   3.00546
   2.05312   0.00000
 0 1 001 001 1001 1001 0 1
   0.00000   8.89028
   8.89028   0.00000
 0 1 001 103 001 103 1 2
   4.42620   0.00000
   0.00000   11.36442
 0 1 001 103 001 101 1 1
   1.34924
   0.00000
 0 1 001 103 001 203 1 2
   0.00000   0.00000
   0.00000   0.00000
 0 1 001 103 001 205 2 2
   0.00000
   0.00000
 0 1 001 103 001 1001 1 1
   0.00000
   0.00000
 0 1 001 103 103 103 1 2
   0.00000   0.00000
   0.00000   0.00000
 0 1 001 103 103 101 1 2
   0.00000   0.00000
   0.00000   0.00000
 0 1 001 103 103 203 1 2
  -0.32252   0.00000
   0.00000   4.13670
 0 1 001 103 103 205 1 2
  -1.78494   0.00000
   0.00000  -5.47837
 0 1 001 103 103 1001 1 2
  -1.07819   0.00000
   0.00000  -2.88582
 0 1 001 103 101 101 1 1
   0.00000
   0.00000
 0 1 001 103 101 203 1 2
  -2.66048   0.00000
   0.00000   6.09370
 0 1 001 103 101 205 2 2
   0.00000
  -7.77870
 0 1 001 103 101 1001 1 1
   0.76044
   0.00000
 0 1 001 103 203 203 1 2
   0.00000   0.00000
   0.00000   0.00000
 0 1 001 103 203 205 1 2
   0.00000   0.00000
   0.00000   0.00000
 0 1 001 103 203 1001 1 2
   0.00000   0.00000
   0.00000   0.00000
 0 1 001 103 205 205 1 2
   0.00000   0.00000
   0.00000   0.00000
 0 1 001 103 205 1001 2 2
   0.00000
   0.00000
 0 1 001 103 1001 1001 1 1
   0.00000
   0.00000
 0 1 001 101 001 101 0 1
   0.00000  -1.55796
   12.31848   0.00000
 0 1 001 101 001 203 1 1
   0.00000
   0.00000
 0 1 001 101 001 1001 0 1
   0.00000   0.00000
   0.00000   0.00000
 0 1 001 101 103 103 0 1
   0.00000   0.00000
   0.00000   0.00000
 0 1 001 101 103 101 1 1
   0.00000
   0.00000
 0 1 001 101 103 203 0 1
   0.00000   0.13798
  -6.08730   0.00000
 0 1 001 101 103 205 1 1
  -1.38416
   0.00000
 0 1 001 101 103 1001 1 1
  -1.27818
   0.00000
 0 1 001 101 101 101 0 1
   0.00000   0.00000
   0.00000   0.00000
 0 1 001 101 101 203 1 1
  -1.74483
   0.00000
 0 1 001 101 101 1001 0 1
   0.00000  -0.19172
   3.42353   0.00000
 0 1 001 101 203 203 0 1
   0.00000   0.00000
   0.00000   0.00000
 0 1 001 101 203 205 1 1
   0.00000
   0.00000
 0 1 001 101 203 1001 1 1
   0.00000
   0.00000
 0 1 001 101 205 205 0 1
   0.00000   0.00000
   0.00000   0.00000
 0 1 001 101 1001 1001 0 1
   0.00000   0.00000
   0.00000   0.00000
 0 1 001 203 001 203 1 2
   0.20473   0.00000
   0.00000   7.60780
 0 1 001 203 001 205 2 2
   0.00000
  -3.02229
 0 1 001 203 001 1001 1 1
   0.00000
   0.00000
 0 1 001 203 103 103 1 2
   1.95422   0.00000
   0.00000   1.45659
 0 1 001 203 103 101 1 2
   1.84522   0.00000
   0.00000  -2.53187
 0 1 001 203 103 203 1 2
   0.00000   0.00000
   0.00000   0.00000
 0 1 001 203 103 205 1 2
   0.00000   0.00000
   0.00000   0.00000
 0 1 001 203 103 1001 1 2
   0.00000   0.00000
   0.00000   0.00000
 0 1 001 203 101 101 1 1
  -0.42942
   0.00000
 0 1 001 203 101 203 1 2
   0.00000   0.00000
   0.00000   0.00000
 0 1 001 203 101 205 2 2
   0.00000
   0.00000
 0 1 001 203 101 1001 1 1
   0.00000
   0.00000
 0 1 001 203 203 203 1 2
  -0.46313   0.00000
   0.00000   4.26650
 0 1 001 203 203 205 1 2
   0.10916   0.00000
   0.00000  -1.97500
 0 1 001 203 203 1001 1 2
   0.70130   0.00000
   0.00000   0.48795
 0 1 001 203 205 205 1 2
  -1.67388   0.00000
   0.00000  -1.52803
 0 1 001 203 205 1001 2 2
   0.00000
  -0.08710
 0 1 001 203 1001 1001 1 1
   0.00000
   0.00000
 0 1 001 205 001 205 2 3
   0.00000   1.43858
   6.37396   0.00000
 0 1 001 205 103 103 2 3
   0.00000   0.79781
   1.78395   0.00000
 0 1 001 205 103 101 2 2
   0.00000
   1.23519
 0 1 001 205 103 203 2 3
   0.00000   0.00000
   0.00000   0.00000
 0 1 001 205 103 205 2 3
   0.00000   0.00000
   0.00000   0.00000
 0 1 001 205 103 1001 2 2
   0.00000
   0.00000
 0 1 001 205 101 203 2 2
   0.00000
   0.00000
 0 1 001 205 101 205 2 3
   0.00000   0.00000
   0.00000   0.00000
 0 1 001 205 203 203 2 3
   0.00000  -0.25449
   1.94123   0.00000
 0 1 001 205 203 205 2 3
   0.00000   0.22040
  -0.89861   0.00000
 0 1 001 205 203 1001 2 2
   0.00000
   0.08710
 0 1 001 205 205 205 2 3
   0.00000  -1.27844
  -1.87145   0.00000
 0 1 001 205 205 1001 2 3
   0.00000  -0.66574
  -0.52351   0.00000
 0 1 001 1001 001 1001 0 1
   0.00000   18.13072
   18.13072   0.00000
 0 1 001 1001 103 103 0 1
   0.00000  -1.47351
  -1.09829   0.00000
 0 1 001 1001 103 101 1 1
   0.85280
   0.00000
 0 1 001 1001 103 203 0 1
   0.00000   0.00000
   0.00000   0.00000
 0 1 001 1001 103 205 1 1
   0.00000
   0.00000
 0 1 001 1001 103 1001 1 1
   0.00000
   0.00000
 0 1 001 1001 101 101 0 1
   0.00000   0.15239
   0.88309   0.00000
 0 1 001 1001 101 203 1 1
   0.00000
   0.00000
 0 1 001 1001 101 1001 0 1
   0.00000   0.00000
   0.00000   0.00000
 0 1 001 1001 203 203 0 1
   0.00000  -1.17793
   2.22780   0.00000
 0 1 001 1001 203 205 1 1
  -0.07807
   0.00000
 0 1 001 1001 203 1001 1 1
   0.00000
   0.00000
 0 1 001 1001 205 205 0 1
   0.00000  -1.34446
  -0.91844   0.00000
 0 1 001 1001 1001 1001 0 1
   0.00000   9.09164
   9.09164   0.00000
 0 1 103 103 103 103 0 3
   0.00000   6.71614   0.00000   0.74624
   3.73119   0.00000   3.73119   0.00000
 0 1 103 103 103 101 1 2
   0.88223   0.00000
   0.00000  -5.85174
 0 1 103 103 103 203 0 3
   0.00000   0.00000   0.00000   0.00000
   0.00000   0.00000   0.00000   0.00000
 0 1 103 103 103 205 1 3
   0.00000   0.00000   0.00000
   0.00000   0.00000   0.00000
 0 1 103 103 103 1001 1 2
   0.00000   0.00000
   0.00000   0.00000
 0 1 103 103 101 101 0 1
   0.00000   5.13808
  -9.18893   0.00000
 0 1 103 103 101 203 1 2
   0.00000   0.00000
   0.00000   0.00000
 0 1 103 103 101 205 2 3
   0.00000   0.00000
   0.00000   0.00000
 0 1 103 103 101 1001 0 1
   0.00000   0.00000
   0.00000   0.00000
 0 1 103 103 203 203 0 3
   0.00000  -3.32783   0.00000  -0.36976
   5.65143   0.00000   5.65143   0.00000
 0 1 103 103 203 205 1 3
  -0.08784   0.00000  -0.03586
   0.00000  -3.56777   0.00000
 0 1 103 103 203 1001 1 2
   0.16667   0.00000
   0.00000   0.12423
 0 1 103 103 205 205 0 3
   0.00000  -4.63527   0.00000  -0.96353
  -2.36017   0.00000  -3.15390   0.00000
 0 1 103 103 205 1001 2 3
   0.00000  -0.06804
  -0.15214   0.00000
 0 1 103 103 1001 1001 0 1
   0.00000  -2.59371
  -1.93323   0.00000
 0 1 103 101 103 101 1 2
   0.00000   0.00000
   0.00000   0.00000
 0 1 103 101 103 203 1 2
   0.00000   0.00000
   0.00000   0.00000
 0 1 103 101 103 205 1 2
   0.00000   0.00000
   0.00000   0.00000
 0 1 103 101 103 1001 1 2
   0.00000   0.00000
   0.00000   0.00000
 0 1 103 101 101 101 1 1
   0.00000
   0.00000
 0 1 103 101 101 203 1 2
   0.00000   0.00000
   0.00000   0.00000
 0 1 103 101 101 205 2 2
   0.00000
   0.00000
 0 1 103 101 101 1001 1 1
   0.00000
   0.00000
 0 1 103 101 203 203 1 2
   0.00000   0.00000
   0.00000   0.00000
 0 1 103 101 203 205 1 2
   0.00000   0.00000
   0.00000   0.00000
 0 1 103 101 203 1001 1 2
   0.00000   0.00000
   0.00000   0.00000
 0 1 103 101 205 205 1 2
   0.00000   0.00000
   0.00000   0.00000
 0 1 103 101 205 1001 2 2
   0.00000
   0.00000
 0 1 103 101 1001 1001 1 1
   0.00000
   0.00000
 0 1 103 203 103 203 0 3
   0.00000  -1.08905   0.00000  -0.12101
   5.14975   0.00000   5.14975   0.00000
 0 1 103 203 103 205 1 3
   1.26620   0.00000   0.51692
   0.00000  -2.38586   0.00000
 0 1 103 203 103 1001 1 2
  -0.40637   0.00000
   0.00000   0.65425
 0 1 103 203 101 101 0 1
   0.00000   0.00000
   0.00000   0.00000
 0 1 103 203 101 203 1 2
   1.26155   0.00000
   0.00000  -0.66254
 0 1 103 203 101 205 2 3
   0.00000  -0.22664
   0.80192   0.00000
 0 1 103 203 101 1001 0 1
   0.00000  -0.35022
   1.09255   0.00000
 0 1 103 203 203 203 0 3
   0.00000   0.00000   0.00000   0.00000
   0.00000   0.00000   0.00000   0.00000
 0 1 103 203 203 205 1 3
   0.00000   0.00000   0.00000
   0.00000   0.00000   0.00000
 0 1 103 203 203 1001 1 2
   0.00000   0.00000
   0.00000   0.00000
 0 1 103 203 205 205 0 3
   0.00000   0.00000   0.00000   0.00000
   0.00000   0.00000   0.00000   0.00000
 0 1 103 203 205 1001 2 3
   0.00000   0.00000
   0.00000   0.00000
 0 1 103 203 1001 1001 0 1
   0.00000   0.00000
   0.00000   0.00000
 0 1 103 205 103 205 1 4
   1.07896   0.00000   1.61844   0.00000
   0.00000   4.77839   0.00000   0.79640
 0 1 103 205 103 1001 1 2
  -0.25738   0.00000
   0.00000  -1.00336
 0 1 103 205 101 101 1 1
   0.00000
   0.00000
 0 1 103 205 101 203 1 2
   1.83599   0.00000
   0.00000  -6.94577
 0 1 103 205 101 205 2 3
   0.00000  -1.26426
   6.35455   0.00000
 0 1 103 205 101 1001 1 1
  -0.06470
   0.00000
 0 1 103 205 203 203 1 3
   0.00000   0.00000   0.00000
   0.00000   0.00000   0.00000
 0 1 103 205 203 205 1 4
   0.00000   0.00000   0.00000   0.00000
   0.00000   0.00000   0.00000   0.00000
 0 1 103 205 203 1001 1 2
   0.00000   0.00000
   0.00000   0.00000
 0 1 103 205 205 205 1 4
   0.00000   0.00000   0.00000   0.00000
   0.00000   0.00000   0.00000   0.00000
 0 1 103 205 205 1001 2 3
   0.00000   0.00000
   0.00000   0.00000
 0 1 103 205 1001 1001 1 1
   0.00000
   0.00000
 0 1 103 1001 103 1001 1 2
   0.00000   0.00000
   0.00000   0.00000
 0 1 103 1001 101 101 1 1
   0.00000
   0.00000
 0 1 103 1001 101 203 1 2
   0.00000   0.00000
   0.00000   0.00000
 0 1 103 1001 101 205 2 2
   0.00000
   0.00000
 0 1 103 1001 101 1001 1 1
   0.00000
   0.00000
 0 1 103 1001 203 203 1 2
   0.00000   0.00000
   0.00000   0.00000
 0 1 103 1001 203 205 1 2
   0.00000   0.00000
   0.00000   0.00000
 0 1 103 1001 203 1001 1 2
   0.00000   0.00000
   0.00000   0.00000
 0 1 103 1001 205 205 1 2
   0.00000   0.00000
   0.00000   0.00000
 0 1 103 1001 205 1001 2 2
   0.00000
   0.00000
 0 1 103 1001 1001 1001 1 1
   0.00000
   0.00000
 0 1 101 101 101 101 0 1
   0.00000   3.97886
   5.41417   0.00000
 0 1 101 101 101 203 1 1
   0.00000
   0.00000
 0 1 101 101 101 1001 0 1
   0.00000   0.00000
   0.00000   0.00000
 0 1 101 101 203 203 0 1
   0.00000  -3.24802
  -2.49631   0.00000
 0 1 101 101 203 205 1 1
   0.34690
   0.00000
 0 1 101 101 203 1001 1 1
   0.06865
   0.00000
 0 1 101 101 205 205 0 1
   0.00000  -2.48661
   5.51841   0.00000
 0 1 101 101 1001 1001 0 1
   0.00000  -1.29678
   3.11945   0.00000
 0 1 101 203 101 203 1 2
   1.91591   0.00000
   0.00000   5.85041
 0 1 101 203 101 205 2 2
   0.00000
   0.21353
 0 1 101 203 101 1001 1 1
  -0.27824
   0.00000
 0 1 101 203 203 203 1 2
   0.00000   0.00000
   0.00000   0.00000
 0 1 101 203 203 205 1 2
   0.00000   0.00000
   0.00000   0.00000
 0 1 101 203 203 1001 1 2
   0.00000   0.00000
   0.00000   0.00000
 0 1 101 203 205 205 1 2
   0.00000   0.00000
   0.00000   0.00000
 0 1 101 203 205 1001 2 2
   0.00000
   0.00000
 0 1 101 203 1001 1001 1 1
   0.00000
   0.00000
 0 1 101 205 101 205 2 3
   0.00000   1.34527
   8.46472   0.00000
 0 1 101 205 203 203 2 3
   0.00000   0.00000
   0.00000   0.00000
 0 1 101 205 203 205 2 3
   0.00000   0.00000
   0.00000   0.00000
 0 1 101 205 203 1001 2 2
   0.00000
   0.00000
 0 1 101 205 205 205 2 3
   0.00000   0.00000
   0.00000   0.00000
 0 1 101 205 205 1001 2 3
   0.00000   0.00000
   0.00000   0.00000
 0 1 101 1001 101 1001 0 1
   0.00000  -0.98050
   7.14058   0.00000
 0 1 101 1001 203 203 0 1
   0.00000   0.00000
   0.00000   0.00000
 0 1 101 1001 203 205 1 1
   0.00000
   0.00000
 0 1 101 1001 203 1001 1 1
   0.00000
   0.00000
 0 1 101 1001 205 205 0 1
   0.00000   0.00000
   0.00000   0.00000
 0 1 101 1001 1001 1001 0 1
   0.00000   0.00000
   0.00000   0.00000
 0 1 203 203 203 203 0 3
   0.00000   3.34057   0.00000   0.37117
   1.81099   0.00000   1.81099   0.00000
 0 1 203 203 203 205 1 3
  -0.62467   0.00000  -0.25502
   0.00000  -0.71273   0.00000
 0 1 203 203 203 1001 1 2
  -0.25470   0.00000
   0.00000   1.39819
 0 1 203 203 205 205 0 3
   0.00000   3.49099   0.00000   0.72567
  -4.92383   0.00000  -6.57974   0.00000
 0 1 203 203 205 1001 2 3
   0.00000   0.09874
  -0.64362   0.00000
 0 1 203 203 1001 1001 0 1
   0.00000   0.98760
  -2.43296   0.00000
 0 1 203 205 203 205 1 4
   0.13081   0.00000   0.19622   0.00000
   0.00000   7.65385   0.00000   1.27564
 0 1 203 205 203 1001 1 2
   0.12007   0.00000
   0.00000  -1.29447
 0 1 203 205 205 205 1 4
  -0.42847   0.00000  -0.32725   0.00000
   0.00000   7.71820   0.00000   1.09152
 0 1 203 205 205 1001 2 3
   0.00000  -0.17102
   0.59588   0.00000
 0 1 203 205 1001 1001 1 1
   0.42876
   0.00000
 0 1 203 1001 203 1001 1 2
   0.00000   0.00000
   0.00000   0.00000
 0 1 203 1001 205 205 1 2
   0.00000   0.00000
   0.00000   0.00000
 0 1 203 1001 205 1001 2 2
   0.00000
   0.00000
 0 1 203 1001 1001 1001 1 1
   0.00000
   0.00000
 0 1 205 205 205 205 0 5
   0.00000   4.01562   0.00000   1.56163   0.00000   0.04462
   1.87396   0.00000   3.34635   0.00000   0.40156   0.00000
 0 1 205 205 205 1001 2 3
   0.00000   0.39395
   0.57668   0.00000
 0 1 205 205 1001 1001 0 1
   0.00000   1.69011
   1.15456   0.00000
 0 1 205 1001 205 1001 2 3
   0.00000   0.00000
   0.00000   0.00000
 0 1 1001 1001 1001 1001 0 1
   0.00000   8.03981
   8.03981   0.00000
