  BB INT. (SPSD_21 SHELL)
 1 6 001 103 101 203 205 1001
   35.7  59.5  59.5  83.3  83.3  83.3  
    0    0    0    0.333333    0.000000
 0 1 001 001 001 001 0 1
   0.00000  -2.68249
  -2.68249   0.00000
 0 1 001 001 001 103 1 1
   0.00000
   0.00000
 0 1 001 001 001 101 0 1
   0.00000   0.00000
   0.00000   0.00000
 0 1 001 001 001 203 1 1
   0.00000
   0.00000
 0 1 001 001 001 1001 0 1
   0.00000   14.85493
   14.85493   0.00000
 0 1 001 001 103 103 0 1
   0.00000  -9.04043
  -12.12900   0.00000
 0 1 001 001 103 101 1 1
   11.43533
   0.00000
 0 1 001 001 103 203 0 1
   0.00000   0.00000
   0.00000   0.00000
 0 1 001 001 103 205 1 1
   0.00000
   0.00000
 0 1 001 001 103 1001 1 1
   0.00000
   0.00000
 0 1 001 001 101 101 0 1
   0.00000   2.85883
  -8.57650   0.00000
 0 1 001 001 101 203 1 1
   0.00000
   0.00000
 0 1 001 001 101 1001 0 1
   0.00000   0.00000
   0.00000   0.00000
 0 1 001 001 203 203 0 1
   0.00000  -3.55013
   7.93833   0.00000
 0 1 001 001 203 205 1 1
   10.04128
   0.00000
 0 1 001 001 203 1001 1 1
   0.00000
   0.00000
 0 1 001 001 205 205 0 1
   0.00000   6.64168
   9.72243   0.00000
 0 1 001 001 1001 1001 0 1
   0.00000   14.03312
   14.03312   0.00000
 0 1 001 103 001 103 1 2
   111.61648   0.00000
   0.00000   47.88006
 0 1 001 103 001 101 1 1
  -90.13691
   0.00000
 0 1 001 103 001 203 1 2
   0.00000   0.00000
   0.00000   0.00000
 0 1 001 103 001 205 2 2
   0.00000
   0.00000
 0 1 001 103 001 1001 1 1
   0.00000
   0.00000
 0 1 001 103 103 103 1 2
   0.00000   0.00000
   0.00000   0.00000
 0 1 001 103 103 101 1 2
   0.00000   0.00000
   0.00000   0.00000
 0 1 001 103 103 203 1 2
   65.93853   0.00000
   0.00000   10.27422
 0 1 001 103 103 205 1 2
  -78.17122   0.00000
   0.00000  -23.54120
 0 1 001 103 103 1001 1 2
  -40.08509   0.00000
   0.00000  -40.61243
 0 1 001 103 101 101 1 1
   0.00000
   0.00000
 0 1 001 103 101 203 1 2
   24.01798   0.00000
   0.00000   5.13711
 0 1 001 103 101 205 2 2
   0.00000
  -25.16660
 0 1 001 103 101 1001 1 1
   0.74576
   0.00000
 0 1 001 103 203 203 1 2
   0.00000   0.00000
   0.00000   0.00000
 0 1 001 103 203 205 1 2
   0.00000   0.00000
   0.00000   0.00000
 0 1 001 103 203 1001 1 2
   0.00000   0.00000
   0.00000   0.00000
 0 1 001 103 205 205 1 2
   0.00000   0.00000
   0.00000   0.00000
 0 1 001 103 205 1001 2 2
   0.00000
   0.00000
 0 1 001 103 1001 1001 1 1
   0.00000
   0.00000
 0 1 001 101 001 101 0 1
   0.00000   175.35290
   47.88006   0.00000
 0 1 001 101 001 203 1 1
   0.00000
   0.00000
 0 1 001 101 001 1001 0 1
   0.00000   0.00000
   0.00000   0.00000
 0 1 001 101 103 103 0 1
   0.00000   0.00000
   0.00000   0.00000
 0 1 001 101 103 101 1 1
   0.00000
   0.00000
 0 1 001 101 103 203 0 1
   0.00000  -109.49613
  -36.32486   0.00000
 0 1 001 101 103 205 1 1
   61.81589
   0.00000
 0 1 001 101 103 1001 1 1
  -0.74576
   0.00000
 0 1 001 101 101 101 0 1
   0.00000   0.00000
   0.00000   0.00000
 0 1 001 101 101 203 1 1
  -70.29141
   0.00000
 0 1 001 101 101 1001 0 1
   0.00000   39.55776
   40.61243   0.00000
 0 1 001 101 203 203 0 1
   0.00000   0.00000
   0.00000   0.00000
 0 1 001 101 203 205 1 1
   0.00000
   0.00000
 0 1 001 101 203 1001 1 1
   0.00000
   0.00000
 0 1 001 101 205 205 0 1
   0.00000   0.00000
   0.00000   0.00000
 0 1 001 101 1001 1001 0 1
   0.00000   0.00000
   0.00000   0.00000
 0 1 001 203 001 203 1 2
  -8.60900   0.00000
   0.00000  -15.34489
 0 1 001 203 001 205 2 2
   0.00000
   5.49984
 0 1 001 203 001 1001 1 1
   0.00000
   0.00000
 0 1 001 203 103 103 1 2
   1.61299   0.00000
   0.00000   2.16405
 0 1 001 203 103 101 1 2
   2.55036   0.00000
   0.00000   3.06043
 0 1 001 203 103 203 1 2
   0.00000   0.00000
   0.00000   0.00000
 0 1 001 203 103 205 1 2
   0.00000   0.00000
   0.00000   0.00000
 0 1 001 203 103 1001 1 2
   0.00000   0.00000
   0.00000   0.00000
 0 1 001 203 101 101 1 1
  -5.10072
   0.00000
 0 1 001 203 101 203 1 2
   0.00000   0.00000
   0.00000   0.00000
 0 1 001 203 101 205 2 2
   0.00000
   0.00000
 0 1 001 203 101 1001 1 1
   0.00000
   0.00000
 0 1 001 203 203 203 1 2
   6.60449   0.00000
   0.00000  -2.95362
 0 1 001 203 203 205 1 2
   4.67008   0.00000
   0.00000   2.73452
 0 1 001 203 203 1001 1 2
   6.00721   0.00000
   0.00000   4.35022
 0 1 001 203 205 205 1 2
  -3.53025   0.00000
   0.00000  -3.86719
 0 1 001 203 205 1001 2 2
   0.00000
  -1.35292
 0 1 001 203 1001 1001 1 1
   0.00000
   0.00000
 0 1 001 205 001 205 2 3
   0.00000  -8.60900
  -13.09959   0.00000
 0 1 001 205 103 103 2 3
   0.00000   5.92650
   2.65041   0.00000
 0 1 001 205 103 101 2 2
   0.00000
   3.74825
 0 1 001 205 103 203 2 3
   0.00000   0.00000
   0.00000   0.00000
 0 1 001 205 103 205 2 3
   0.00000   0.00000
   0.00000   0.00000
 0 1 001 205 103 1001 2 2
   0.00000
   0.00000
 0 1 001 205 101 203 2 2
   0.00000
   0.00000
 0 1 001 205 101 205 2 3
   0.00000   0.00000
   0.00000   0.00000
 0 1 001 205 203 203 2 3
   0.00000   1.15555
  -3.61743   0.00000
 0 1 001 205 203 205 2 3
   0.00000  -5.33724
   3.34909   0.00000
 0 1 001 205 203 1001 2 2
   0.00000
   1.35292
 0 1 001 205 205 205 2 3
   0.00000  -6.93327
  -4.73633   0.00000
 0 1 001 205 205 1001 2 3
   0.00000  -6.00721
  -4.90255   0.00000
 0 1 001 1001 001 1001 0 1
   0.00000   8.23075
   8.23075   0.00000
 0 1 001 1001 103 103 0 1
   0.00000  -6.64159
  -8.91062   0.00000
 0 1 001 1001 103 101 1 1
   8.40102
   0.00000
 0 1 001 1001 103 203 0 1
   0.00000   0.00000
   0.00000   0.00000
 0 1 001 1001 103 205 1 1
   0.00000
   0.00000
 0 1 001 1001 103 1001 1 1
   0.00000
   0.00000
 0 1 001 1001 101 101 0 1
   0.00000   2.10025
  -6.30076   0.00000
 0 1 001 1001 101 203 1 1
   0.00000
   0.00000
 0 1 001 1001 101 1001 0 1
   0.00000   0.00000
   0.00000   0.00000
 0 1 001 1001 203 203 0 1
   0.00000   1.23504
  -2.76164   0.00000
 0 1 001 1001 203 205 1 1
  -3.49323
   0.00000
 0 1 001 1001 203 1001 1 1
   0.00000
   0.00000
 0 1 001 1001 205 205 0 1
   0.00000  -2.31055
  -3.38230   0.00000
 0 1 001 1001 1001 1001 0 1
   0.00000   9.97300
   9.97300   0.00000
 0 1 103 103 103 103 0 3
   0.00000   29.01075   0.00000  -8.60900
   21.44719   0.00000   29.05037   0.00000
 0 1 103 103 103 101 1 2
   11.95905   0.00000
   0.00000  -26.62920
 0 1 103 103 103 203 0 3
   0.00000   0.00000   0.00000   0.00000
   0.00000   0.00000   0.00000   0.00000
 0 1 103 103 103 205 1 3
   0.00000   0.00000   0.00000
   0.00000   0.00000   0.00000
 0 1 103 103 103 1001 1 2
   0.00000   0.00000
   0.00000   0.00000
 0 1 103 103 101 101 0 1
   0.00000   17.87594
  -18.69086   0.00000
 0 1 103 103 101 203 1 2
   0.00000   0.00000
   0.00000   0.00000
 0 1 103 103 101 205 2 3
   0.00000   0.00000
   0.00000   0.00000
 0 1 103 103 101 1001 0 1
   0.00000   0.00000
   0.00000   0.00000
 0 1 103 103 203 203 0 3
   0.00000  -15.96506   0.00000   0.55975
   10.71548   0.00000   6.65228   0.00000
 0 1 103 103 203 205 1 3
   1.33931   0.00000  -2.58540
   0.00000  -24.57888   0.00000
 0 1 103 103 203 1001 1 2
  -0.68201   0.00000
   0.00000  -0.91501
 0 1 103 103 205 205 0 3
   0.00000  -31.00505   0.00000  -3.35853
  -27.48870   0.00000  -26.02332   0.00000
 0 1 103 103 205 1001 2 3
   0.00000   2.50586
   1.12066   0.00000
 0 1 103 103 1001 1001 0 1
   0.00000  -3.05590
  -4.09992   0.00000
 0 1 103 101 103 101 1 2
   13.92324   0.00000
   0.00000   10.22069
 0 1 103 101 103 203 1 2
   0.00000   0.00000
   0.00000   0.00000
 0 1 103 101 103 205 1 2
   0.00000   0.00000
   0.00000   0.00000
 0 1 103 101 103 1001 1 2
   0.00000   0.00000
   0.00000   0.00000
 0 1 103 101 101 101 1 1
   15.04790
   0.00000
 0 1 103 101 101 203 1 2
   0.00000   0.00000
   0.00000   0.00000
 0 1 103 101 101 205 2 2
   0.00000
   0.00000
 0 1 103 101 101 1001 1 1
   0.00000
   0.00000
 0 1 103 101 203 203 1 2
  -15.07738   0.00000
   0.00000  -7.47452
 0 1 103 101 203 205 1 2
   17.85367   0.00000
   0.00000   19.94501
 0 1 103 101 203 1001 1 2
  -1.07835   0.00000
   0.00000  -1.29402
 0 1 103 101 205 205 1 2
  -9.18838   0.00000
   0.00000   14.77365
 0 1 103 101 205 1001 2 2
   0.00000
   1.58485
 0 1 103 101 1001 1001 1 1
   3.86544
   0.00000
 0 1 103 203 103 203 0 3
   0.00000   110.79093   0.00000   100.68215
   58.91937   0.00000  -6.46853   0.00000
 0 1 103 203 103 205 1 3
  -75.63111   0.00000  -12.54577
   0.00000  -10.19535   0.00000
 0 1 103 203 103 1001 1 2
   27.00385   0.00000
   0.00000  -3.49094
 0 1 103 203 101 101 0 1
   0.00000   0.00000
   0.00000   0.00000
 0 1 103 203 101 203 1 2
   78.27211   0.00000
   0.00000  -7.80296
 0 1 103 203 101 205 2 3
   0.00000   85.54987
  -18.75040   0.00000
 0 1 103 203 101 1001 0 1
   0.00000   32.66955
  -12.34232   0.00000
 0 1 103 203 203 203 0 3
   0.00000   0.00000   0.00000   0.00000
   0.00000   0.00000   0.00000   0.00000
 0 1 103 203 203 205 1 3
   0.00000   0.00000   0.00000
   0.00000   0.00000   0.00000
 0 1 103 203 203 1001 1 2
   0.00000   0.00000
   0.00000   0.00000
 0 1 103 203 205 205 0 3
   0.00000   0.00000   0.00000   0.00000
   0.00000   0.00000   0.00000   0.00000
 0 1 103 203 205 1001 2 3
   0.00000   0.00000
   0.00000   0.00000
 0 1 103 203 1001 1001 0 1
   0.00000   0.00000
   0.00000   0.00000
 0 1 103 205 103 205 1 4
   97.27898   0.00000  -3.01524   0.00000
   0.00000   16.85899   0.00000   12.34259
 0 1 103 205 103 1001 1 2
  -10.49542   0.00000
   0.00000   7.99874
 0 1 103 205 101 101 1 1
   0.00000
   0.00000
 0 1 103 205 101 203 1 2
  -17.64156   0.00000
   0.00000  -10.84180
 0 1 103 205 101 205 2 3
   0.00000  -27.47967
   32.96858   0.00000
 0 1 103 205 101 1001 1 1
  -31.40173
   0.00000
 0 1 103 205 203 203 1 3
   0.00000   0.00000   0.00000
   0.00000   0.00000   0.00000
 0 1 103 205 203 205 1 4
   0.00000   0.00000   0.00000   0.00000
   0.00000   0.00000   0.00000   0.00000
 0 1 103 205 203 1001 1 2
   0.00000   0.00000
   0.00000   0.00000
 0 1 103 205 205 205 1 4
   0.00000   0.00000   0.00000   0.00000
   0.00000   0.00000   0.00000   0.00000
 0 1 103 205 205 1001 2 3
   0.00000   0.00000
   0.00000   0.00000
 0 1 103 205 1001 1001 1 1
   0.00000
   0.00000
 0 1 103 1001 103 1001 1 2
   78.00203   0.00000
   0.00000   61.67919
 0 1 103 1001 101 101 1 1
   0.00000
   0.00000
 0 1 103 1001 101 203 1 2
   19.45928   0.00000
   0.00000  -1.74547
 0 1 103 1001 101 205 2 2
   0.00000
   8.55101
 0 1 103 1001 101 1001 1 1
   23.08398
   0.00000
 0 1 103 1001 203 203 1 2
   0.00000   0.00000
   0.00000   0.00000
 0 1 103 1001 203 205 1 2
   0.00000   0.00000
   0.00000   0.00000
 0 1 103 1001 203 1001 1 2
   0.00000   0.00000
   0.00000   0.00000
 0 1 103 1001 205 205 1 2
   0.00000   0.00000
   0.00000   0.00000
 0 1 103 1001 205 1001 2 2
   0.00000
   0.00000
 0 1 103 1001 1001 1001 1 1
   0.00000
   0.00000
 0 1 101 101 101 101 0 1
   0.00000   4.56782
   34.66362   0.00000
 0 1 101 101 101 203 1 1
   0.00000
   0.00000
 0 1 101 101 101 1001 0 1
   0.00000   0.00000
   0.00000   0.00000
 0 1 101 101 203 203 0 1
   0.00000  -16.30449
  -34.62869   0.00000
 0 1 101 101 203 205 1 1
   6.72190
   0.00000
 0 1 101 101 203 1001 1 1
   2.15670
   0.00000
 0 1 101 101 205 205 0 1
   0.00000  -12.41192
   15.02334   0.00000
 0 1 101 101 1001 1001 0 1
   0.00000   0.96636
  -2.89908   0.00000
 0 1 101 203 101 203 1 2
   47.58366   0.00000
   0.00000   6.82590
 0 1 101 203 101 205 2 2
   0.00000
  -3.67751
 0 1 101 203 101 1001 1 1
   15.17725
   0.00000
 0 1 101 203 203 203 1 2
   0.00000   0.00000
   0.00000   0.00000
 0 1 101 203 203 205 1 2
   0.00000   0.00000
   0.00000   0.00000
 0 1 101 203 203 1001 1 2
   0.00000   0.00000
   0.00000   0.00000
 0 1 101 203 205 205 1 2
   0.00000   0.00000
   0.00000   0.00000
 0 1 101 203 205 1001 2 2
   0.00000
   0.00000
 0 1 101 203 1001 1001 1 1
   0.00000
   0.00000
 0 1 101 205 101 205 2 3
   0.00000   81.47921
   19.67460   0.00000
 0 1 101 205 203 203 2 3
   0.00000   0.00000
   0.00000   0.00000
 0 1 101 205 203 205 2 3
   0.00000   0.00000
   0.00000   0.00000
 0 1 101 205 203 1001 2 2
   0.00000
   0.00000
 0 1 101 205 205 205 2 3
   0.00000   0.00000
   0.00000   0.00000
 0 1 101 205 205 1001 2 3
   0.00000   0.00000
   0.00000   0.00000
 0 1 101 1001 101 1001 0 1
   0.00000   94.32487
   61.67919   0.00000
 0 1 101 1001 203 203 0 1
   0.00000   0.00000
   0.00000   0.00000
 0 1 101 1001 203 205 1 1
   0.00000
   0.00000
 0 1 101 1001 203 1001 1 1
   0.00000
   0.00000
 0 1 101 1001 205 205 0 1
   0.00000   0.00000
   0.00000   0.00000
 0 1 101 1001 1001 1001 0 1
   0.00000   0.00000
   0.00000   0.00000
 0 1 203 203 203 203 0 3
   0.00000   20.34830   0.00000  -1.52485
   43.45065   0.00000   17.44409   0.00000
 0 1 203 203 203 205 1 3
  -16.33583   0.00000  -8.45062
   0.00000   1.77225   0.00000
 0 1 203 203 203 1001 1 2
   2.97317   0.00000
   0.00000  -1.32964
 0 1 203 203 205 205 0 3
   0.00000   29.17686   0.00000   7.38424
  -25.70539   0.00000  -17.26246   0.00000
 0 1 203 203 205 1001 2 3
   0.00000  -0.52020
   1.62847   0.00000
 0 1 203 203 1001 1001 0 1
   0.00000  -1.28092
   2.86422   0.00000
 0 1 203 205 203 205 1 4
   10.91111   0.00000   8.13440   0.00000
   0.00000   37.03785   0.00000  -0.29414
 0 1 203 205 203 1001 1 2
   2.10235   0.00000
   0.00000   1.23101
 0 1 203 205 205 205 1 4
  -7.13385   0.00000  -12.90383   0.00000
   0.00000   29.64344   0.00000   12.24128
 0 1 203 205 205 1001 2 3
   0.00000   2.40268
  -1.50767   0.00000
 0 1 203 205 1001 1001 1 1
   3.62298
   0.00000
 0 1 203 1001 203 1001 1 2
  -9.90921   0.00000
   0.00000  -12.33958
 0 1 203 1001 205 205 1 2
  -1.58922   0.00000
   0.00000  -1.74091
 0 1 203 1001 205 1001 2 2
   0.00000
  -1.98439
 0 1 203 1001 1001 1001 1 1
   0.00000
   0.00000
 0 1 205 205 205 205 0 5
   0.00000   38.34915   0.00000   4.36552   0.00000  -6.41478
   32.95647   0.00000   27.34694   0.00000   18.06777   0.00000
 0 1 205 205 205 1001 2 3
   0.00000   3.12117
   2.13217   0.00000
 0 1 205 205 1001 1001 0 1
   0.00000   2.39637
   3.50793   0.00000
 0 1 205 1001 205 1001 2 3
   0.00000  -9.90921
  -11.52946   0.00000
 0 1 1001 1001 1001 1001 0 1
   0.00000  -3.85899
  -3.85899   0.00000
