0 6 0 1 5 0 3 0 4 0.0284901
0 10 0 0 10 0 5 0 5 -0.496078
2 4 0 1 5 1 1 0 6 -0.216506
0 5 2 1 5 1 2 0 6 -0.0229694
0 1 1 5 5 1 2 0 4 0.34069257
0 0 3 3 3 2 1 0 4 0.165407
1 8 0 2 6 3 0 0 6 0.1970332
3 0 0 3 3 3 0 0 3 -0.0290418
0 3 1 3 2 0 2 1 4 -0.02288685
0 0 2 3 3 0 1 2 2 0.1919123
1 1 1 1 0 0 0 3 0 -0.512347
1 1 1 4 5 1 1 1 4 -0.0626753
0 0 3 2 2 2 0 1 2 0.2781074
1 2 0 4 2 1 1 2 1 -0.1643167
1 4 0 4 2 1 2 2 2 -0.2244898
1 1 3 1 0 2 1 2 1 0.0
1 6 0 3 7 1 3 1 4 0.03951031
3 0 3 0 0 2 2 2 2 -0.247564
1 4 1 4 0 3 0 3 0 0.042857
6 0 0 0 0 3 0 3 0 0.2446412
0 1 4 3 2 3 0 2 2 0.1094068
1 4 1 4 2 3 0 2 2 0.02229242
1 7 0 3 4 3 0 1 4 -0.20061459
2 2 0 5 3 3 0 1 3 0.14923409
1 2 2 2 2 3 0 1 2 -0.1097887
0 5 0 6 3 3 0 1 3 0.2271283
2 4 0 2 2 3 0 1 2 0.0
3 1 1 3 4 2 2 2 2 0.0
2 0 3 2 2 2 2 2 2 0.00764597
3 3 1 1 3 2 2 2 2 -0.165407
4 2 0 2 0 3 0 3 0 -0.3094494
5 1 0 1 0 3 0 3 0 0.0