  MSDI INT. (P SHELL)
 1 2 103 101
   0  6  
    1    2    2    0.333333    0.000000
 0 1 103 103 103 103 0 3
   0.00000  -5.84000   0.00000  -5.84000
  -4.00000   0.00000   0.16000   0.00000
 0 1 103 103 103 101 1 2
   1.51789   0.00000
   0.00000  -1.47078
 0 1 103 103 101 101 0 1
   0.00000   0.75895
  -3.67696   0.00000
 0 1 103 101 103 101 1 2
  -6.80000  -5.84000
   1.20000  -0.88000
 0 1 103 101 101 101 1 1
   0.00000
   0.00000
 0 1 101 101 101 101 0 1
   0.00000  -5.60000
  -1.40000   0.00000
