  MSDI INT. (PF SHELL)
 1 4 307 1103 305 1101
   82.9214  82.9214  82.9214  82.9214  
    0    20    20    0.333333    0.000000
 0 1 307 307 307 307 0 7
   0.00000  -1.16810   0.00000  -1.22351   0.00000  -1.30982   0.00000  -1.58688
  -3.53000   0.00000  -0.48238   0.00000   0.00247   0.00000   0.23690   0.00000
 0 1 307 307 307 1103 2 5
   0.00000  -0.14619   0.00000  -0.36163
  -1.39971   0.00000  -0.54484   0.00000
 0 1 307 307 307 305 1 6
   0.27994   0.00000   0.25322   0.00000   0.23674   0.00000
   0.00000  -0.46657   0.00000  -0.49282   0.00000  -0.57098
 0 1 307 307 307 1101 3 4
   0.25322   0.00000
   0.00000  -0.64466
 0 1 307 307 1103 1103 0 3
   0.00000  -0.05521   0.00000  -0.16986
  -2.82843   0.00000  -0.61721   0.00000
 0 1 307 307 1103 305 1 4
   0.23422   0.00000   0.19614   0.00000
   0.00000  -0.57143   0.00000  -0.73097
 0 1 307 307 1103 1101 1 2
   0.17457   0.00000
   0.00000  -0.87287
 0 1 307 307 305 305 0 5
   0.00000  -0.04426   0.00000  -0.11324   0.00000  -0.26469
  -3.46410   0.00000  -0.80812   0.00000  -0.36549   0.00000
 0 1 307 307 305 1101 2 3
   0.00000  -0.21929
  -1.06904   0.00000
 0 1 307 307 1101 1101 0 1
   0.00000  -0.08729
  -2.00000   0.00000
 0 1 307 1103 307 1103 2 5
  -1.13000  -1.35857  -1.13000  -1.85727
  -1.58714   0.47000  -0.16492   0.47000
 0 1 307 1103 307 305 2 5
   0.00000   0.39590   0.00000   0.47611
  -0.68571   0.00000  -0.57431   0.00000
 0 1 307 1103 307 1101 3 4
   0.39590   0.00000
   0.00000  -0.75125
 0 1 307 1103 1103 1103 2 3
   0.00000  -0.26558
  -0.90711   0.00000
 0 1 307 1103 1103 305 2 4
   0.00000   0.30666   0.00000
  -0.83983   0.00000  -0.85184
 0 1 307 1103 1103 1101 2 2
   0.00000
  -1.28285
 0 1 307 1103 305 305 2 5
   0.00000  -0.17705   0.00000  -0.53231
  -1.18769   0.00000  -0.42592   0.00000
 0 1 307 1103 305 1101 2 3
   0.00000  -0.34286
  -1.57117   0.00000
 0 1 307 305 307 305 1 6
  -3.18714  -1.13000  -1.81571  -1.13000  -1.44169  -1.13000
   0.47000   0.24143   0.47000  -0.04948   0.47000  -0.92860
 0 1 307 305 307 1101 3 4
  -0.68571   0.00000
   0.00000  -0.67953
 0 1 307 305 1103 1103 1 3
   0.40567   0.00000   0.45999
   0.00000  -0.30237   0.00000
 0 1 307 305 1103 305 1 4
  -1.72113   0.00000  -0.53115   0.00000
   0.00000  -0.27994   0.00000  -0.77051
 0 1 307 305 1103 1101 1 2
  -1.28285   0.00000
   0.00000  -0.42762
 0 1 307 305 305 305 1 5
   0.32526   0.00000   0.30666   0.00000   0.34848
   0.00000  -0.39590   0.00000  -0.38526   0.00000
 0 1 307 305 305 1101 2 3
   0.00000   0.59385
  -0.52372   0.00000
 0 1 307 305 1101 1101 1 1
   0.64143
   0.00000
 0 1 307 1101 307 1101 3 4
  -1.81571  -1.13000
   0.47000  -0.41889
 0 1 307 1101 1103 1103 3 3
   0.45999
   0.00000
 0 1 307 1101 1103 305 3 4
  -0.53115   0.00000
   0.00000  -1.00791
 0 1 307 1101 305 305 3 4
   0.30666   0.00000
   0.00000  -0.50395
 0 1 307 1101 305 1101 3 3
   0.59385
   0.00000
 0 1 1103 1103 1103 1103 0 3
   0.00000  -1.21000   0.00000  -1.43857
  -1.53000   0.00000   0.07000   0.00000
 0 1 1103 1103 1103 305 1 3
   0.33941   0.00000   0.35631
   0.00000  -0.37033   0.00000
 0 1 1103 1103 1103 1101 1 2
   0.25298   0.00000
   0.00000  -0.56569
 0 1 1103 1103 305 305 0 3
   0.00000  -0.06414   0.00000  -0.20571
  -2.44949   0.00000  -0.52372   0.00000
 0 1 1103 1103 305 1101 2 3
   0.00000  -0.39836
  -0.69282   0.00000
 0 1 1103 1103 1101 1101 0 1
   0.00000  -0.12649
  -1.41421   0.00000
 0 1 1103 305 1103 305 1 4
  -2.57000  -1.13000  -1.54143  -1.13000
   0.47000   0.12714   0.47000  -0.67286
 0 1 1103 305 1103 1101 1 2
  -1.07331   0.00000
   0.00000  -0.52372
 0 1 1103 305 305 305 1 4
   0.27213   0.00000   0.23754   0.00000
   0.00000  -0.48487   0.00000  -0.57143
 0 1 1103 305 305 1101 2 3
   0.00000   0.45999
  -0.64143   0.00000
 0 1 1103 305 1101 1101 1 1
   0.53666
   0.00000
 0 1 1103 1101 1103 1101 1 2
  -1.93000  -1.13000
   0.47000  -0.33000
 0 1 1103 1101 305 305 1 2
   0.20284   0.00000
   0.00000  -0.74066
 0 1 1103 1101 305 1101 2 2
   0.00000
  -0.97980
 0 1 1103 1101 1101 1101 1 1
   0.40000
   0.00000
 0 1 305 305 305 305 0 5
   0.00000  -1.18143   0.00000  -1.26714   0.00000  -1.51961
  -2.53000   0.00000  -0.21571   0.00000   0.18429   0.00000
 0 1 305 305 305 1101 2 3
   0.00000  -0.26558
  -0.90711   0.00000
 0 1 305 305 1101 1101 0 1
   0.00000  -0.10142
  -1.73205   0.00000
 0 1 305 1101 305 1101 2 3
  -1.13000  -1.64429
  -0.73000   0.47000
 0 1 1101 1101 1101 1101 0 1
   0.00000  -1.33000
  -0.53000   0.00000
