0 0 0 0 0 0 1
0 0 0 0 0 1 0
0 0 0 0 1 0 0
0 0 0 0 1 1 0
0 0 1 0 0 0 0
0 0 1 0 0 1 0
0 0 1 0 1 0 0
0 0 1 0 1 1 0
0 0 0 1 0 0 0
0 0 0 1 0 1 0
0 0 0 1 0 2 0
0 0 0 1 1 0 0
0 0 0 1 1 1 0
0 0 0 1 1 2 0
0 0 1 1 0 0 0
0 0 1 1 0 1 0.57735
0 0 1 1 0 2 0
0 0 1 1 1 0 0
0 0 1 1 1 1 0
0 0 1 1 1 2 0
0 0 2 1 0 0 0
0 0 2 1 0 1 0
0 0 2 1 0 2 0
0 0 2 1 1 0 0
0 0 2 1 1 1 0
0 0 2 1 1 2 0
0 1 0 0 0 0 0
0 1 0 0 0 1 0
0 1 0 0 0 2 0
0 1 0 0 1 0 0
0 1 0 0 1 1 0
0 1 0 0 1 2 0
0 1 0 0 2 0 0
0 1 0 0 2 1 0
0 1 0 0 2 2 0
0 1 1 0 0 0 0
0 1 1 0 0 1 0
0 1 1 0 0 2 0
0 1 1 0 1 0 0
0 1 1 0 1 1 0.333333
0 1 1 0 1 2 0
0 1 1 0 2 0 0
0 1 1 0 2 1 0
0 1 1 0 2 2 0
0 1 2 0 0 0 0
0 1 2 0 0 1 0
0 1 2 0 0 2 0
0 1 2 0 1 0 0
0 1 2 0 1 1 0
0 1 2 0 1 2 0
0 1 2 0 2 0 0
0 1 2 0 2 1 0
0 1 2 0 2 2 0
0 1 0 1 0 0 0
0 1 0 1 0 1 0
0 1 0 1 0 2 0
0 1 0 1 0 3 0
0 1 0 1 1 0 0.57735
0 1 0 1 1 1 0
0 1 0 1 1 2 0
0 1 0 1 1 3 0
0 1 0 1 2 0 0
0 1 0 1 2 1 0
0 1 0 1 2 2 0
0 1 0 1 2 3 0
0 1 1 1 0 0 0
0 1 1 1 0 1 0
0 1 1 1 0 2 0
0 1 1 1 0 3 0
0 1 1 1 1 0 0
0 1 1 1 1 1 0.333333
0 1 1 1 1 2 0
0 1 1 1 1 3 0
0 1 1 1 2 0 0
0 1 1 1 2 1 0
0 1 1 1 2 2 0
0 1 1 1 2 3 0
0 1 2 1 0 0 0
0 1 2 1 0 1 0
0 1 2 1 0 2 0
0 1 2 1 0 3 0
0 1 2 1 1 0 0
0 1 2 1 1 1 0
0 1 2 1 1 2 0.258199
0 1 2 1 1 3 0
0 1 2 1 2 0 0
0 1 2 1 2 1 0
0 1 2 1 2 2 0
0 1 2 1 2 3 0
0 1 3 1 0 0 0
0 1 3 1 0 1 0
0 1 3 1 0 2 0
0 1 3 1 0 3 0
0 1 3 1 1 0 0
0 1 3 1 1 1 0
0 1 3 1 1 2 0
0 1 3 1 1 3 0
0 1 3 1 2 0 0
0 1 3 1 2 1 0
0 1 3 1 2 2 0
0 1 3 1 2 3 0
1 0 0 0 0 0 0
1 0 0 0 0 1 0
1 0 0 0 1 0 0
1 0 0 0 1 1 0
1 0 0 0 2 0 0
1 0 0 0 2 1 0
1 0 1 0 0 0 0
1 0 1 0 0 1 0
1 0 1 0 1 0 0.57735
1 0 1 0 1 1 0
1 0 1 0 2 0 0
1 0 1 0 2 1 0
1 0 2 0 0 0 0
1 0 2 0 0 1 0
1 0 2 0 1 0 0
1 0 2 0 1 1 0
1 0 2 0 2 0 0
1 0 2 0 2 1 0
1 0 0 1 0 0 0
1 0 0 1 0 1 0
1 0 0 1 0 2 0
1 0 0 1 1 0 0
1 0 0 1 1 1 0.333333
1 0 0 1 1 2 0
1 0 0 1 2 0 0
1 0 0 1 2 1 0
1 0 0 1 2 2 0
1 0 1 1 0 0 0
1 0 1 1 0 1 0
1 0 1 1 0 2 0
1 0 1 1 1 0 0
1 0 1 1 1 1 0.333333
1 0 1 1 1 2 0
1 0 1 1 2 0 0
1 0 1 1 2 1 0
1 0 1 1 2 2 0
1 0 2 1 0 0 0
1 0 2 1 0 1 0
1 0 2 1 0 2 0
1 0 2 1 1 0 0
1 0 2 1 1 1 0.333333
1 0 2 1 1 2 0
1 0 2 1 2 0 0
1 0 2 1 2 1 0
1 0 2 1 2 2 0
1 0 3 1 0 0 0
1 0 3 1 0 1 0
1 0 3 1 0 2 0
1 0 3 1 1 0 0
1 0 3 1 1 1 0
1 0 3 1 1 2 0
1 0 3 1 2 0 0
1 0 3 1 2 1 0
1 0 3 1 2 2 0
1 1 0 0 0 0 0
1 1 0 0 0 1 0.57735
1 1 0 0 0 2 0
1 1 0 0 1 0 0
1 1 0 0 1 1 0
1 1 0 0 1 2 0
1 1 0 0 2 0 0
1 1 0 0 2 1 0
1 1 0 0 2 2 0
1 1 0 0 3 0 0
1 1 0 0 3 1 0
1 1 0 0 3 2 0
1 1 1 0 0 0 0
1 1 1 0 0 1 0
1 1 1 0 0 2 0
1 1 1 0 1 0 0
1 1 1 0 1 1 0.333333
1 1 1 0 1 2 0
1 1 1 0 2 0 0
1 1 1 0 2 1 0
1 1 1 0 2 2 0
1 1 1 0 3 0 0
1 1 1 0 3 1 0
1 1 1 0 3 2 0
1 1 2 0 0 0 0
1 1 2 0 0 1 0
1 1 2 0 0 2 0
1 1 2 0 1 0 0
1 1 2 0 1 1 0
1 1 2 0 1 2 0
1 1 2 0 2 0 0
1 1 2 0 2 1 0.258199
1 1 2 0 2 2 0
1 1 2 0 3 0 0
1 1 2 0 3 1 0
1 1 2 0 3 2 0
1 1 3 0 0 0 0
1 1 3 0 0 1 0
1 1 3 0 0 2 0
1 1 3 0 1 0 0
1 1 3 0 1 1 0
1 1 3 0 1 2 0
1 1 3 0 2 0 0
1 1 3 0 2 1 0
1 1 3 0 2 2 0
1 1 3 0 3 0 0
1 1 3 0 3 1 0
1 1 3 0 3 2 0
1 1 0 1 0 0 0
1 1 0 1 0 1 0
1 1 0 1 0 2 0
1 1 0 1 0 3 0
1 1 0 1 1 0 0
1 1 0 1 1 1 0.333333
1 1 0 1 1 2 0
1 1 0 1 1 3 0
1 1 0 1 2 0 0
1 1 0 1 2 1 0
1 1 0 1 2 2 0
1 1 0 1 2 3 0
1 1 0 1 3 0 0
1 1 0 1 3 1 0
1 1 0 1 3 2 0
1 1 0 1 3 3 0
1 1 1 1 0 0 0.333333
1 1 1 1 0 1 -0.333333
1 1 1 1 0 2 0.333333
1 1 1 1 0 3 0
1 1 1 1 1 0 -0.333333
1 1 1 1 1 1 0.166667
1 1 1 1 1 2 0.166667
1 1 1 1 1 3 0
1 1 1 1 2 0 0.333333
1 1 1 1 2 1 0.166667
1 1 1 1 2 2 0.0333333
1 1 1 1 2 3 0
1 1 1 1 3 0 0
1 1 1 1 3 1 0
1 1 1 1 3 2 0
1 1 1 1 3 3 0
1 1 2 1 0 0 0
1 1 2 1 0 1 0
1 1 2 1 0 2 0
1 1 2 1 0 3 0
1 1 2 1 1 0 0
1 1 2 1 1 1 -0.166667
1 1 2 1 1 2 0.223607
1 1 2 1 1 3 0
1 1 2 1 2 0 0
1 1 2 1 2 1 0.223607
1 1 2 1 2 2 0.1
1 1 2 1 2 3 0
1 1 2 1 3 0 0
1 1 2 1 3 1 0
1 1 2 1 3 2 0
1 1 2 1 3 3 0
1 1 3 1 0 0 0
1 1 3 1 0 1 0
1 1 3 1 0 2 0
1 1 3 1 0 3 0
1 1 3 1 1 0 0
1 1 3 1 1 1 0
1 1 3 1 1 2 0
1 1 3 1 1 3 0
1 1 3 1 2 0 0
1 1 3 1 2 1 0
1 1 3 1 2 2 0.2
1 1 3 1 2 3 0
1 1 3 1 3 0 0
1 1 3 1 3 1 0
1 1 3 1 3 2 0
1 1 3 1 3 3 0
1 1 4 1 0 0 0
1 1 4 1 0 1 0
1 1 4 1 0 2 0
1 1 4 1 0 3 0
1 1 4 1 1 0 0
1 1 4 1 1 1 0
1 1 4 1 1 2 0
1 1 4 1 1 3 0
1 1 4 1 2 0 0
1 1 4 1 2 1 0
1 1 4 1 2 2 0
1 1 4 1 2 3 0
1 1 4 1 3 0 0
1 1 4 1 3 1 0
1 1 4 1 3 2 0
1 1 4 1 3 3 0
