  SDI INT. (P SHELL)
 1 2 103 101
   0  6  
    1    2    2    0.333333    0.000000
 0 1 103 103 103 103 0 3
   0.00000   2.40000   0.00000   2.40000
  -4.00000   0.00000  -0.80000   0.00000
 0 1 103 103 103 101 1 2
  -2.52982   0.00000
   0.00000  -1.13137
 0 1 103 103 101 101 0 1
   0.00000  -1.26491
  -2.82843   0.00000
 0 1 103 101 103 101 1 2
   4.00000   2.40000
   0.00000  -1.60000
 0 1 103 101 101 101 1 1
   0.00000
   0.00000
 0 1 101 101 101 101 0 1
   0.00000   2.00000
  -2.00000   0.00000
