  SDI INT. (SP_3 SHELL)
 1 3 205 1001 203
   0  1.5  4  
    1    8    8    0.333333    0.000000
 0 1 205 205 205 205 0 5
   0.00000  -1.46571   0.00000  -0.82286   0.00000  -1.28571
  -2.70000   0.00000  -0.61714   0.00000  -0.25714   0.00000
 0 1 205 205 205 1001 2 3
   0.00000  -1.19509
  -0.81640   0.00000
 0 1 205 205 205 203 1 4
   1.63281   0.00000   0.53446   0.00000
   0.00000  -0.43639   0.00000  -0.51429
 0 1 205 205 1001 1001 0 1
   0.00000  -1.06489
  -1.55885   0.00000
 0 1 205 205 1001 203 1 2
  -0.60851   0.00000
   0.00000  -0.66659
 0 1 205 205 203 203 0 3
   0.00000   1.05835   0.00000   0.30857
  -2.20454   0.00000  -0.47135   0.00000
 0 1 205 1001 205 1001 2 3
  -0.72000  -1.80000
  -1.08000   0.00000
 0 1 205 1001 205 203 2 3
  -0.96214   0.91998
  -0.57728   0.00000
 0 1 205 1001 1001 203 2 2
  -0.88182
  -0.88182
 0 1 205 1001 203 203 2 3
   0.00000   0.19918
  -0.62354   0.00000
 0 1 205 203 205 203 1 4
  -3.24000  -1.28571  -0.66857  -1.28571
   0.00000  -0.30857   0.00000  -1.02857
 0 1 205 203 1001 1001 1 1
   1.60997
   0.00000
 0 1 205 203 1001 203 1 2
  -0.80498  -1.17838
   0.00000  -0.47135
 0 1 205 203 203 203 1 3
  -0.50912   0.00000   0.35631
   0.00000  -0.33330   0.00000
 0 1 1001 1001 1001 1001 0 1
   0.00000  -0.90000
  -0.90000   0.00000
 0 1 1001 1001 1001 203 1 1
   0.00000
   0.00000
 0 1 1001 1001 203 203 0 1
   0.00000   0.56921
  -1.27279   0.00000
 0 1 1001 203 1001 203 1 2
  -1.80000  -1.08000
   0.00000  -0.72000
 0 1 1001 203 203 203 1 2
   1.13842   0.00000
   0.00000  -0.50912
 0 1 203 203 203 203 0 3
   0.00000  -1.08000   0.00000  -1.08000
  -1.80000   0.00000  -0.36000   0.00000
