  SDI INT. (PF SHELL)
 1 4 307 1103 305 1101
   0  2  6.5  4  
    1    20    20    0.333333    0.000000
 0 1 307 307 307 307 0 7
   0.00000  -2.09524   0.00000  -0.98701   0.00000  -0.93906   0.00000  -1.63170
  -4.00000   0.00000  -0.95238   0.00000  -0.46753   0.00000  -0.23310   0.00000
 0 1 307 307 307 1103 2 5
   0.00000  -1.21829   0.00000  -1.56708
  -1.39971   0.00000  -0.54484   0.00000
 0 1 307 307 307 305 1 6
   2.33285   0.00000   0.70338   0.00000   0.49979   0.00000
   0.00000  -0.46657   0.00000  -0.49282   0.00000  -0.57098
 0 1 307 307 307 1101 3 4
   1.26608   0.00000
   0.00000  -0.64466
 0 1 307 307 1103 1103 0 3
   0.00000  -1.56415   0.00000  -1.03805
  -2.82843   0.00000  -0.61721   0.00000
 0 1 307 307 1103 305 1 4
  -1.17108   0.00000   0.10897   0.00000
   0.00000  -0.57143   0.00000  -0.73097
 0 1 307 307 1103 1101 1 2
   1.45479   0.00000
   0.00000  -0.87287
 0 1 307 307 305 305 0 5
   0.00000   1.69674   0.00000   0.56621   0.00000   0.26469
  -3.46410   0.00000  -0.80812   0.00000  -0.36549   0.00000
 0 1 307 307 305 1101 2 3
   0.00000   0.60914
  -1.06904   0.00000
 0 1 307 307 1101 1101 0 1
   0.00000   1.01835
  -2.00000   0.00000
 0 1 307 1103 307 1103 2 5
  -1.37143  -1.52381  -0.12698  -2.66667
  -2.05714   0.00000  -0.63492   0.00000
 0 1 307 1103 307 305 2 5
  -1.60000   0.98974  -0.40202   0.95222
  -0.68571   0.00000  -0.57431   0.00000
 0 1 307 1103 307 1101 3 4
   1.64957  -0.37562
   0.00000  -0.75125
 0 1 307 1103 1103 1103 2 3
   0.00000  -1.32788
  -0.90711   0.00000
 0 1 307 1103 1103 305 2 4
  -1.39971   0.25555  -0.42592
  -0.83983   0.00000  -0.85184
 0 1 307 1103 1103 1101 2 2
  -1.28285
  -1.28285
 0 1 307 1103 305 305 2 5
   0.00000   0.59017   0.00000   0.17744
  -1.18769   0.00000  -0.42592   0.00000
 0 1 307 1103 305 1101 2 3
   1.04745   0.57143
  -1.57117   0.00000
 0 1 307 305 307 305 1 6
  -5.14286  -1.86667  -1.23810  -1.27273  -0.53680  -1.63170
   0.00000  -0.22857   0.00000  -0.51948   0.00000  -1.39860
 0 1 307 305 307 1101 3 4
  -1.42857  -1.18918
   0.00000  -0.67953
 0 1 307 305 1103 1103 1 3
   2.02837   0.00000   1.02220
   0.00000  -0.30237   0.00000
 0 1 307 305 1103 305 1 4
  -1.43427  -1.63299  -0.81148  -1.34840
   0.00000  -0.27994   0.00000  -0.77051
 0 1 307 305 1103 1101 1 2
  -3.20713  -1.49666
   0.00000  -0.42762
 0 1 307 305 305 305 1 5
  -1.08421   0.00000   0.25555   0.00000   0.46464
   0.00000  -0.39590   0.00000  -0.38526   0.00000
 0 1 307 305 305 1101 2 3
   1.22202   0.65983
  -0.52372   0.00000
 0 1 307 305 1101 1101 1 1
   0.00000
   0.00000
 0 1 307 1101 307 1101 3 4
  -2.00000  -1.11111
   0.00000  -0.88889
 0 1 307 1101 1103 1103 3 3
   1.53330
   0.00000
 0 1 307 1101 1103 305 3 4
  -0.66394  -1.25988
   0.00000  -1.00791
 0 1 307 1101 305 305 3 4
  -0.25555   0.00000
   0.00000  -0.50395
 0 1 307 1101 305 1101 3 3
   0.00000
   0.00000
 0 1 1103 1103 1103 1103 0 3
   0.00000  -1.20000   0.00000  -1.20000
  -2.00000   0.00000  -0.40000   0.00000
 0 1 1103 1103 1103 305 1 3
  -0.56569   0.00000   0.39590
   0.00000  -0.37033   0.00000
 0 1 1103 1103 1103 1101 1 2
   1.26491   0.00000
   0.00000  -0.56569
 0 1 1103 1103 305 305 0 3
   0.00000   1.17595   0.00000   0.34286
  -2.44949   0.00000  -0.52372   0.00000
 0 1 1103 1103 305 1101 2 3
   0.00000   0.22131
  -0.69282   0.00000
 0 1 1103 1103 1101 1101 0 1
   0.00000   0.63246
  -1.41421   0.00000
 0 1 1103 305 1103 305 1 4
  -3.60000  -1.42857  -0.74286  -1.42857
   0.00000  -0.34286   0.00000  -1.14286
 0 1 1103 305 1103 1101 1 2
  -0.89443  -1.30931
   0.00000  -0.52372
 0 1 1103 305 305 305 1 4
   1.81423   0.00000   0.59385   0.00000
   0.00000  -0.48487   0.00000  -0.57143
 0 1 1103 305 305 1101 2 3
   1.06904   1.02220
  -0.64143   0.00000
 0 1 1103 305 1101 1101 1 1
   1.78885
   0.00000
 0 1 1103 1101 1103 1101 1 2
  -2.00000  -1.20000
   0.00000  -0.80000
 0 1 1103 1101 305 305 1 2
  -0.67612   0.00000
   0.00000  -0.74066
 0 1 1103 1101 305 1101 2 2
   0.97980
  -0.97980
 0 1 1103 1101 1101 1101 1 1
   0.00000
   0.00000
 0 1 305 305 305 305 0 5
   0.00000  -1.62857   0.00000  -0.91429   0.00000  -1.42857
  -3.00000   0.00000  -0.68571   0.00000  -0.28571   0.00000
 0 1 305 305 305 1101 2 3
   0.00000  -1.32788
  -0.90711   0.00000
 0 1 305 305 1101 1101 0 1
   0.00000  -1.18322
  -1.73205   0.00000
 0 1 305 1101 305 1101 2 3
  -0.80000  -2.00000
  -1.20000   0.00000
 0 1 1101 1101 1101 1101 0 1
   0.00000  -1.00000
  -1.00000   0.00000
