  SDI INT. (P SHELL)
 1 2 103 101
   0  0  
    2    2    2    0.333333    0.000000
 0 1 103 103 103 103 0 3
   0.00000  -1.20000   0.00000  -1.20000
  -2.00000   0.00000  -0.40000   0.00000
 0 1 103 103 103 101 1 2
   1.26491   0.00000
   0.00000  -0.56569
 0 1 103 103 101 101 0 1
   0.00000   0.63246
  -1.41421   0.00000
 0 1 103 101 103 101 1 2
  -2.00000  -1.20000
   0.00000  -0.80000
 0 1 103 101 101 101 1 1
   0.00000
   0.00000
 0 1 101 101 101 101 0 1
   0.00000  -1.00000
  -1.00000   0.00000
