  SDI INT. (SD SHELL)
 1 3 203 205 1001
   1.64658  -3.9478  -3.16354  
    1    8    8    0.333333    0.000000
 0 1 203 203 203 203 0 3
   0.00000  -1.20000   0.00000  -1.20000
  -2.00000   0.00000  -0.40000   0.00000
 0 1 203 203 203 205 1 3
   0.56569   0.00000  -0.39590
   0.00000   0.37033   0.00000
 0 1 203 203 203 1001 1 2
  -1.26491   0.00000
   0.00000   0.56569
 0 1 203 203 205 205 0 3
   0.00000   1.17595   0.00000   0.34286
  -2.44949   0.00000  -0.52372   0.00000
 0 1 203 203 205 1001 2 3
   0.00000   0.22131
  -0.69282   0.00000
 0 1 203 203 1001 1001 0 1
   0.00000   0.63246
  -1.41421   0.00000
 0 1 203 205 203 205 1 4
  -3.60000  -1.42857  -0.74286  -1.42857
   0.00000  -0.34286   0.00000  -1.14286
 0 1 203 205 203 1001 1 2
  -0.89443  -1.30931
   0.00000  -0.52372
 0 1 203 205 205 205 1 4
  -1.81423   0.00000  -0.59385   0.00000
   0.00000   0.48487   0.00000   0.57143
 0 1 203 205 205 1001 2 3
  -1.06904  -1.02220
   0.64143   0.00000
 0 1 203 205 1001 1001 1 1
  -1.78885
   0.00000
 0 1 203 1001 203 1001 1 2
  -2.00000  -1.20000
   0.00000  -0.80000
 0 1 203 1001 205 205 1 2
   0.67612   0.00000
   0.00000   0.74066
 0 1 203 1001 205 1001 2 2
  -0.97980
   0.97980
 0 1 203 1001 1001 1001 1 1
   0.00000
   0.00000
 0 1 205 205 205 205 0 5
   0.00000  -1.62857   0.00000  -0.91429   0.00000  -1.42857
  -3.00000   0.00000  -0.68571   0.00000  -0.28571   0.00000
 0 1 205 205 205 1001 2 3
   0.00000  -1.32788
  -0.90711   0.00000
 0 1 205 205 1001 1001 0 1
   0.00000  -1.18322
  -1.73205   0.00000
 0 1 205 1001 205 1001 2 3
  -0.80000  -2.00000
  -1.20000   0.00000
 0 1 1001 1001 1001 1001 0 1
   0.00000  -1.00000
  -1.00000   0.00000
