  SDI INT. (SD SHELL)
 1 3 205 1001 203
   0  0.87  5.08  
    2    8    8    0.333333    0.000000
 0 1 205 205 205 205 0 5
   0.00000  -1.46571   0.00000  -0.82286   0.00000  -1.28571
  -1.50000   0.00000  -0.34286   0.00000  -0.14286   0.00000
 0 1 205 205 205 1001 2 3
   0.00000  -1.19509
  -0.45356   0.00000
 0 1 205 205 205 203 1 4
   1.63281   0.00000   0.53446   0.00000
   0.00000  -0.24244   0.00000  -0.28571
 0 1 205 205 1001 1001 0 1
   0.00000  -1.06489
  -0.86603   0.00000
 0 1 205 205 1001 203 1 2
  -0.60851   0.00000
   0.00000  -0.37033
 0 1 205 205 203 203 0 3
   0.00000   1.05835   0.00000   0.30857
  -1.22474   0.00000  -0.26186   0.00000
 0 1 205 1001 205 1001 2 3
  -0.72000  -1.80000
  -0.60000   0.00000
 0 1 205 1001 205 203 2 3
  -0.96214   0.91998
  -0.32071   0.00000
 0 1 205 1001 1001 203 2 2
  -0.88182
  -0.48990
 0 1 205 1001 203 203 2 3
   0.00000   0.19918
  -0.34641   0.00000
 0 1 205 203 205 203 1 4
  -3.24000  -1.28571  -0.66857  -1.28571
   0.00000  -0.17143   0.00000  -0.57143
 0 1 205 203 1001 1001 1 1
   1.60997
   0.00000
 0 1 205 203 1001 203 1 2
  -0.80498  -1.17838
   0.00000  -0.26186
 0 1 205 203 203 203 1 3
  -0.50912   0.00000   0.35631
   0.00000  -0.18516   0.00000
 0 1 1001 1001 1001 1001 0 1
   0.00000  -0.90000
  -0.50000   0.00000
 0 1 1001 1001 1001 203 1 1
   0.00000
   0.00000
 0 1 1001 1001 203 203 0 1
   0.00000   0.56921
  -0.70711   0.00000
 0 1 1001 203 1001 203 1 2
  -1.80000  -1.08000
   0.00000  -0.40000
 0 1 1001 203 203 203 1 2
   1.13842   0.00000
   0.00000  -0.28284
 0 1 203 203 203 203 0 3
   0.00000  -1.08000   0.00000  -1.08000
  -1.00000   0.00000  -0.20000   0.00000
