  SDI INT. (P SHELL)
 1 2 103 101
   0  6  
    2    2    2    0.333333    0.000000
 0 1 103 103 103 103 0 3
   0.00000  -2.88000   0.00000  -2.88000
  -1.00000   0.00000  -0.20000   0.00000
 0 1 103 103 103 101 1 2
   3.03579   0.00000
   0.00000  -0.28284
 0 1 103 103 101 101 0 1
   0.00000   1.51789
  -0.70711   0.00000
 0 1 103 101 103 101 1 2
  -4.80000  -2.88000
   0.00000  -0.40000
 0 1 103 101 101 101 1 1
   0.00000
   0.00000
 0 1 101 101 101 101 0 1
   0.00000  -2.40000
  -0.50000   0.00000
