0 0 0
0.015 0.005558 3.08914e-05
0.03 0.0111142 0.000123526
0.045 0.0166668 0.000277783
0.06 0.0222141 0.000493464
0.075 0.0277541 0.00077029
0.09 0.0332852 0.0011079
0.105 0.0388055 0.00150587
0.12 0.0443133 0.00196367
0.135 0.0498068 0.00248072
0.15 0.0552842 0.00305635
0.165 0.0607438 0.00368981
0.18 0.0661838 0.0043803
0.195 0.0716025 0.00512691
0.21 0.076998 0.0059287
0.225 0.0823688 0.00678462
0.24 0.0877131 0.00769359
0.255 0.0930291 0.00865442
0.27 0.0983153 0.00966589
0.285 0.10357 0.0107267
0.3 0.108791 0.0118355
0.315 0.113978 0.0129909
0.33 0.119127 0.0141913
0.345 0.124239 0.0154353
0.36 0.129311 0.0167213
0.375 0.134341 0.0180476
0.39 0.139329 0.0194126
0.405 0.144272 0.0208145
0.42 0.149169 0.0222515
0.435 0.154019 0.0237218
0.45 0.15882 0.0252237
0.465 0.16357 0.026755
0.48 0.168268 0.0283141
0.495 0.172913 0.0298988
0.51 0.177503 0.0315072
0.525 0.182037 0.0331373
0.54 0.186513 0.0347871
0.555 0.19093 0.0364544
0.57 0.195288 0.0381373
0.585 0.199584 0.0398337
0.6 0.203817 0.0415413
0.615 0.207986 0.0432583
0.63 0.21209 0.0449823
0.645 0.216128 0.0467114
0.66 0.220099 0.0484434
0.675 0.224 0.0501761
0.69 0.227832 0.0519076
0.705 0.231594 0.0536356
0.72 0.235283 0.0553582
0.735 0.2389 0.0570732
0.75 0.242443 0.0587786
0.765 0.245911 0.0604723
0.78 0.249304 0.0621524
0.795 0.25262 0.0638169
0.81 0.255859 0.0654637
0.825 0.259019 0.067091
0.84 0.262101 0.0686969
0.855 0.265103 0.0702795
0.87 0.268024 0.071837
0.885 0.270864 0.0733676
0.9 0.273623 0.0748695
0.915 0.276299 0.0763411
0.93 0.278892 0.0777807
0.945 0.281401 0.0791866
0.96 0.283826 0.0805574
0.975 0.286167 0.0818916
0.99 0.288423 0.0831876
1.005 0.290593 0.0844441
1.02 0.292677 0.0856597
1.035 0.294675 0.0868331
1.05 0.296586 0.0879632
1.065 0.29841 0.0890487
1.08 0.300147 0.0900885
1.095 0.301797 0.0910816
1.11 0.30336 0.0920271
1.125 0.304834 0.0929239
1.14 0.306221 0.0937713
1.155 0.30752 0.0945685
1.17 0.308731 0.0953146
1.185 0.309853 0.0960092
1.2 0.310888 0.0966515
1.215 0.311835 0.0972411
1.23 0.312694 0.0977776
1.245 0.313465 0.0982604
1.26 0.314149 0.0986894
1.275 0.314745 0.0990642
1.29 0.315253 0.0993847
1.305 0.315675 0.0996507
1.32 0.31601 0.0998623
1.335 0.316258 0.100019
1.35 0.316421 0.100122
1.365 0.316497 0.10017
1.38 0.316488 0.100165
1.395 0.316394 0.100105
1.41 0.316216 0.0999923
1.425 0.315953 0.0998263
1.44 0.315607 0.0996076
1.455 0.315178 0.0993369
1.47 0.314666 0.0990146
1.485 0.314072 0.0986415
1.5 0.313398 0.098218
1.515 0.312642 0.0977451
1.53 0.311807 0.0972235
1.545 0.310892 0.0966539
1.56 0.309899 0.0960374
1.575 0.308828 0.0953747
1.59 0.30768 0.094667
1.605 0.306456 0.0939152
1.62 0.305156 0.0931203
1.635 0.303782 0.0922836
1.65 0.302334 0.091406
1.665 0.300814 0.0904888
1.68 0.299221 0.0895332
1.695 0.297558 0.0885405
1.71 0.295824 0.0875118
1.725 0.294021 0.0864486
1.74 0.292151 0.0853521
1.755 0.290213 0.0842236
1.77 0.288209 0.0830647
1.785 0.286141 0.0818765
1.8 0.284008 0.0806606
1.815 0.281813 0.0794184
1.83 0.279556 0.0781513
1.845 0.277238 0.0768608
1.86 0.27486 0.0755483
1.875 0.272425 0.0742153
1.89 0.269932 0.0728633
1.905 0.267383 0.0714937
1.92 0.264779 0.0701081
1.935 0.262122 0.0687079
1.95 0.259412 0.0672946
1.965 0.256651 0.0658696
1.98 0.25384 0.0644345
1.995 0.25098 0.0629908
2.01 0.248072 0.0615397
2.025 0.245118 0.0600829
2.04 0.242119 0.0586218
2.055 0.239077 0.0571576
2.07 0.235991 0.0556919
2.085 0.232865 0.0542261
2.1 0.229699 0.0527614
2.115 0.226494 0.0512993
2.13 0.223251 0.0498411
2.145 0.219973 0.0483879
2.16 0.216659 0.0469413
2.175 0.213313 0.0455023
2.19 0.209934 0.0440722
2.205 0.206524 0.0426521
2.22 0.203085 0.0412433
2.235 0.199617 0.0398469
2.25 0.196122 0.038464
2.265 0.192602 0.0370956
2.28 0.189058 0.0357428
2.295 0.18549 0.0344066
2.31 0.181901 0.0330879
2.325 0.178291 0.0317877
2.34 0.174662 0.0305069
2.355 0.171015 0.0292463
2.37 0.167352 0.0280067
2.385 0.163673 0.026789
2.4 0.159981 0.0255938
2.415 0.156275 0.0244219
2.43 0.152558 0.023274
2.445 0.148831 0.0221506
2.46 0.145095 0.0210524
2.475 0.14135 0.0199799
2.49 0.1376 0.0189337
2.505 0.133844 0.0179142
2.52 0.130084 0.0169218
2.535 0.126321 0.0159569
2.55 0.122556 0.01502
2.565 0.118791 0.0141112
2.58 0.115026 0.013231
2.595 0.111263 0.0123795
2.61 0.107503 0.0115569
2.625 0.103747 0.0107635
2.64 0.0999963 0.00999927
2.655 0.0962518 0.00926441
2.67 0.0925146 0.00855896
2.685 0.0887859 0.00788294
2.7 0.0850667 0.00723635
2.715 0.0813581 0.00661914
2.73 0.0776611 0.00603124
2.745 0.0739766 0.00547254
2.76 0.0703059 0.00494292
2.775 0.0666497 0.00444219
2.79 0.0630092 0.00397016
2.805 0.0593852 0.0035266
2.82 0.0557787 0.00311127
2.835 0.0521907 0.00272387
2.85 0.048622 0.0023641
2.865 0.0450736 0.00203163
2.88 0.0415463 0.00172609
2.895 0.038041 0.00144712
2.91 0.0345585 0.00119429
2.925 0.0310997 0.000967189
2.94 0.0276653 0.000765369
2.955 0.0242562 0.000588363
2.97 0.0208731 0.000435688
2.985 0.0175169 0.00030684
3 0.0141881 0.000201302
3.015 0.0108876 0.00011854
3.03 0.00761604 5.80041e-05
3.045 0.00437411 1.91329e-05
3.06 0.00116248 1.35135e-06
3.075 -0.00201822 4.07323e-06
3.09 -0.00516736 2.67016e-05
3.105 -0.00828433 6.86301e-05
3.12 -0.0113685 0.000129243
3.135 -0.0144194 0.000207919
3.15 -0.0174364 0.000304028
3.165 -0.020419 0.000416934
3.18 -0.0233666 0.000545998
3.195 -0.0262788 0.000690576
3.21 -0.0291551 0.000850022
3.225 -0.0319951 0.00102369
3.24 -0.0347982 0.00121092
3.255 -0.0375642 0.00141107
3.27 -0.0402925 0.00162349
3.285 -0.0429828 0.00184752
3.3 -0.0456347 0.00208253
3.315 -0.048248 0.00232787
3.33 -0.0508221 0.00258289
3.345 -0.053357 0.00284697
3.36 -0.0558521 0.00311946
3.375 -0.0583074 0.00339975
3.39 -0.0607225 0.00368722
3.405 -0.0630971 0.00398125
3.42 -0.0654312 0.00428124
3.435 -0.0677244 0.00458659
3.45 -0.0699765 0.00489671
3.465 -0.0721875 0.00521103
3.48 -0.0743571 0.00552898
3.495 -0.0764853 0.00585
3.51 -0.0785718 0.00617353
3.525 -0.0806167 0.00649905
3.54 -0.0826197 0.00682602
3.555 -0.084581 0.00715394
3.57 -0.0865003 0.0074823
3.585 -0.0883776 0.00781061
3.6 -0.0902131 0.0081384
3.615 -0.0920065 0.0084652
3.63 -0.093758 0.00879056
3.645 -0.0954675 0.00911405
3.66 -0.0971352 0.00943524
3.675 -0.098761 0.00975373
3.69 -0.100345 0.0100691
3.705 -0.101887 0.010381
3.72 -0.103388 0.0106891
3.735 -0.104847 0.010993
3.75 -0.106265 0.0112923
3.765 -0.107642 0.0115868
3.78 -0.108978 0.0118761
3.795 -0.110272 0.01216
3.81 -0.111526 0.0124381
3.825 -0.11274 0.0127102
3.84 -0.113913 0.0129761
3.855 -0.115045 0.0132355
3.87 -0.116138 0.0134881
3.885 -0.117192 0.0137339
3.9 -0.118205 0.0139725
3.915 -0.11918 0.0142039
3.93 -0.120116 0.0144278
3.945 -0.121013 0.0146441
3.96 -0.121871 0.0148526
3.975 -0.122692 0.0150533
3.99 -0.123475 0.015246
4.005 -0.12422 0.0154306
4.02 -0.124928 0.015607
4.035 -0.125599 0.0157752
4.05 -0.126234 0.0159351
4.065 -0.126833 0.0160866
4.08 -0.127396 0.0162297
4.095 -0.127923 0.0163644
4.11 -0.128416 0.0164906
4.125 -0.128873 0.0166084
4.14 -0.129297 0.0167177
4.155 -0.129686 0.0168186
4.17 -0.130042 0.016911
4.185 -0.130365 0.0169951
4.2 -0.130656 0.0170709
4.215 -0.130913 0.0171383
4.23 -0.131139 0.0171975
4.245 -0.131334 0.0172486
4.26 -0.131497 0.0172915
4.275 -0.13163 0.0173265
4.29 -0.131733 0.0173535
4.305 -0.131806 0.0173727
4.32 -0.131849 0.0173842
4.335 -0.131864 0.0173881
4.35 -0.13185 0.0173845
4.365 -0.131809 0.0173735
4.38 -0.131739 0.0173553
4.395 -0.131643 0.0173299
4.41 -0.13152 0.0172976
4.425 -0.131371 0.0172584
4.44 -0.131196 0.0172125
4.455 -0.130996 0.0171601
4.47 -0.130772 0.0171012
4.485 -0.130523 0.0170362
4.5 -0.13025 0.016965
4.515 -0.129954 0.0168879
4.53 -0.129634 0.0168051
4.545 -0.129293 0.0167166
4.56 -0.128929 0.0166227
4.575 -0.128544 0.0165236
4.59 -0.128138 0.0164193
4.605 -0.127711 0.0163102
4.62 -0.127264 0.0161962
4.635 -0.126798 0.0160777
4.65 -0.126312 0.0159548
4.665 -0.125808 0.0158276
4.68 -0.125285 0.0156964
4.695 -0.124745 0.0155612
4.71 -0.124187 0.0154224
4.725 -0.123612 0.0152799
4.74 -0.123021 0.0151341
4.755 -0.122414 0.0149851
4.77 -0.121791 0.014833
4.785 -0.121153 0.014678
4.8 -0.1205 0.0145204
4.815 -0.119834 0.0143601
4.83 -0.119153 0.0141975
4.845 -0.118459 0.0140326
4.86 -0.117752 0.0138656
4.875 -0.117033 0.0136967
4.89 -0.116302 0.013526
4.905 -0.115558 0.0133537
4.92 -0.114804 0.01318
4.935 -0.114039 0.0130049
4.95 -0.113263 0.0128286
4.965 -0.112478 0.0126513
4.98 -0.111683 0.012473
4.995 -0.110878 0.012294
5.01 -0.110065 0.0121143
5.025 -0.109243 0.0119341
5.04 -0.108414 0.0117535
5.055 -0.107576 0.0115726
5.07 -0.106732 0.0113916
5.085 -0.10588 0.0112106
5.1 -0.105022 0.0110296
5.115 -0.104157 0.0108488
5.13 -0.103287 0.0106683
5.145 -0.102412 0.0104881
5.16 -0.101531 0.0103085
5.175 -0.100645 0.0101295
5.19 -0.0997552 0.00995109
5.205 -0.098861 0.00977349
5.22 -0.097963 0.00959674
5.235 -0.0970615 0.00942094
5.25 -0.0961569 0.00924615
5.265 -0.0952494 0.00907245
5.28 -0.0943394 0.00889992
5.295 -0.0934271 0.00872863
5.31 -0.0925129 0.00855864
5.325 -0.091597 0.00839002
5.34 -0.0906798 0.00822283
5.355 -0.0897615 0.00805713
5.37 -0.0888424 0.00789297
5.385 -0.0879227 0.0077304
5.4 -0.0870028 0.00756948
5.415 -0.0860828 0.00741025
5.43 -0.0851631 0.00725275
5.445 -0.0842439 0.00709703
5.46 -0.0833253 0.00694311
5.475 -0.0824078 0.00679105
5.49 -0.0814915 0.00664086
5.505 -0.0805766 0.00649259
5.52 -0.0796633 0.00634625
5.535 -0.078752 0.00620187
5.55 -0.0778427 0.00605949
5.565 -0.0769357 0.0059191
5.58 -0.0760312 0.00578075
5.595 -0.0751294 0.00564443
5.61 -0.0742305 0.00551017
5.625 -0.0733347 0.00537797
5.64 -0.0724421 0.00524785
5.655 -0.0715529 0.00511982
5.67 -0.0706674 0.00499388
5.685 -0.0697856 0.00487003
5.7 -0.0689078 0.00474828
5.715 -0.068034 0.00462863
5.73 -0.0671645 0.00451107
5.745 -0.0662994 0.00439561
5.76 -0.0654389 0.00428224
5.775 -0.064583 0.00417096
5.79 -0.0637319 0.00406175
5.805 -0.0628858 0.00395462
5.82 -0.0620447 0.00384954
5.835 -0.0612088 0.00374652
5.85 -0.0603783 0.00364553
5.865 -0.0595531 0.00354657
5.88 -0.0587335 0.00344962
5.895 -0.0579195 0.00335467
5.91 -0.0571112 0.00326169
5.925 -0.0563088 0.00317068
5.94 -0.0555122 0.00308161
5.955 -0.0547217 0.00299446
5.97 -0.0539372 0.00290922
5.985 -0.0531589 0.00282587
6 -0.0523869 0.00274439
6.015 -0.0516212 0.00266474
6.03 -0.0508618 0.00258692
6.045 -0.0501089 0.0025109
6.06 -0.0493625 0.00243665
6.075 -0.0486226 0.00236416
6.09 -0.0478893 0.00229339
6.105 -0.0471628 0.00222433
6.12 -0.0464429 0.00215694
6.135 -0.0457298 0.00209121
6.15 -0.0450234 0.00202711
6.165 -0.0443239 0.00196461
6.18 -0.0436313 0.00190369
6.195 -0.0429455 0.00184432
6.21 -0.0422667 0.00178647
6.225 -0.0415948 0.00173012
6.24 -0.0409298 0.00167525
6.255 -0.0402719 0.00162182
6.27 -0.0396209 0.00156982
6.285 -0.038977 0.00151921
6.3 -0.0383401 0.00146996
6.315 -0.0377102 0.00142206
6.33 -0.0370873 0.00137547
6.345 -0.0364715 0.00133017
6.36 -0.0358627 0.00128613
6.375 -0.035261 0.00124334
6.39 -0.0346662 0.00120175
6.405 -0.0340785 0.00116135
6.42 -0.0334979 0.00112211
6.435 -0.0329242 0.001084
6.45 -0.0323575 0.00104701
6.465 -0.0317978 0.0010111
6.48 -0.031245 0.000976252
6.495 -0.0306992 0.000942442
6.51 -0.0301603 0.000909644
6.525 -0.0296283 0.000877836
6.54 -0.0291032 0.000846994
6.555 -0.0285849 0.000817095
6.57 -0.0280734 0.000788116
6.585 -0.0275687 0.000760034
6.6 -0.0270708 0.000732827
6.615 -0.0265796 0.000706473
6.63 -0.026095 0.000680951
6.645 -0.0256172 0.000656239
6.66 -0.0251459 0.000632316
6.675 -0.0246812 0.000609163
6.69 -0.0242231 0.000586758
6.705 -0.0237714 0.000565082
6.72 -0.0233263 0.000544114
6.735 -0.0228875 0.000523837
6.75 -0.0224551 0.000504231
6.765 -0.022029 0.000485277
6.78 -0.0216092 0.000466958
6.795 -0.0211957 0.000449256
6.81 -0.0207883 0.000432152
6.825 -0.020387 0.000415631
6.84 -0.0199919 0.000399675
6.855 -0.0196028 0.000384268
6.87 -0.0192196 0.000369394
6.885 -0.0188424 0.000355037
6.9 -0.0184711 0.000341182
6.915 -0.0181056 0.000327814
6.93 -0.0177459 0.000314917
6.945 -0.0173919 0.000302479
6.96 -0.0170436 0.000290485
6.975 -0.0167009 0.00027892
6.99 -0.0163638 0.000267772
7.005 -0.0160321 0.000257029
7.02 -0.0157059 0.000246676
7.035 -0.0153851 0.000236702
7.05 -0.0150696 0.000227094
7.065 -0.0147594 0.000217841
7.08 -0.0144545 0.000208931
7.095 -0.0141546 0.000200354
7.11 -0.0138599 0.000192098
7.125 -0.0135703 0.000184152
7.14 -0.0132856 0.000176507
7.155 -0.0130059 0.000169152
7.17 -0.012731 0.000162078
7.185 -0.0124609 0.000155275
7.2 -0.0121956 0.000148734
7.215 -0.011935 0.000142445
7.23 -0.0116791 0.000136401
7.245 -0.0114277 0.000130593
7.26 -0.0111809 0.000125012
7.275 -0.0109385 0.000119651
7.29 -0.0107005 0.000114501
7.305 -0.0104669 0.000109556
7.32 -0.0102376 0.000104808
7.335 -0.0100125 0.00010025
7.35 -0.0097916 9.58755e-05
7.365 -0.00957482 9.16772e-05
7.38 -0.00936211 8.76491e-05
7.395 -0.00915341 8.37849e-05
7.41 -0.00894866 8.00785e-05
7.425 -0.00874781 7.65241e-05
7.44 -0.0085508 7.31162e-05
7.455 -0.00835758 6.98491e-05
7.47 -0.00816809 6.67177e-05
7.485 -0.00798228 6.37168e-05
7.5 -0.00780009 6.08414e-05
7.515 -0.00762147 5.80868e-05
7.53 -0.00744637 5.54484e-05
7.545 -0.00727473 5.29216e-05
7.56 -0.00710649 5.05022e-05
7.575 -0.00694162 4.8186e-05
7.59 -0.00678004 4.5969e-05
7.605 -0.00662172 4.38472e-05
7.62 -0.00646661 4.1817e-05
7.635 -0.00631464 3.98747e-05
7.65 -0.00616577 3.80167e-05
7.665 -0.00601995 3.62398e-05
7.68 -0.00587713 3.45407e-05
7.695 -0.00573727 3.29162e-05
7.71 -0.0056003 3.13634e-05
7.725 -0.00546619 2.98793e-05
7.74 -0.00533489 2.8461e-05
7.755 -0.00520634 2.7106e-05
7.77 -0.00508051 2.58116e-05
7.785 -0.00495735 2.45753e-05
7.8 -0.0048368 2.33946e-05
7.815 -0.00471883 2.22673e-05
7.83 -0.00460339 2.11912e-05
7.845 -0.00449043 2.0164e-05
7.86 -0.00437992 1.91837e-05
7.875 -0.00427181 1.82483e-05
7.89 -0.00416605 1.7356e-05
7.905 -0.0040626 1.65047e-05
7.92 -0.00396143 1.56929e-05
7.935 -0.00386249 1.49188e-05
7.95 -0.00376573 1.41808e-05
7.965 -0.00367113 1.34772e-05
7.98 -0.00357864 1.28066e-05
7.995 -0.00348821 1.21676e-05
8.01 -0.00339982 1.15588e-05
8.025 -0.00331342 1.09788e-05
8.04 -0.00322898 1.04263e-05
8.055 -0.00314645 9.90017e-06
8.07 -0.00306581 9.39919e-06
8.085 -0.00298701 8.92224e-06
8.1 -0.00291002 8.46824e-06
8.115 -0.00283481 8.03616e-06
8.13 -0.00276134 7.62499e-06
8.145 -0.00268957 7.23379e-06
8.16 -0.00261947 6.86165e-06
8.175 -0.00255102 6.50769e-06
8.19 -0.00248417 6.17109e-06
8.205 -0.00241889 5.85103e-06
8.22 -0.00235516 5.54676e-06
8.235 -0.00229293 5.25754e-06
8.25 -0.00223219 4.98267e-06
8.265 -0.0021729 4.72148e-06
8.28 -0.00211502 4.47332e-06
8.295 -0.00205854 4.23759e-06
8.31 -0.00200342 4.01369e-06
8.325 -0.00194963 3.80107e-06
8.34 -0.00189715 3.59918e-06
8.355 -0.00184595 3.40752e-06
8.37 -0.001796 3.2256e-06
8.385 -0.00174727 3.05294e-06
8.4 -0.00169974 2.88911e-06
8.415 -0.00165338 2.73367e-06
8.43 -0.00160817 2.58622e-06
8.445 -0.00156409 2.44637e-06
8.46 -0.0015211 2.31374e-06
8.475 -0.00147918 2.18799e-06
8.49 -0.00143832 2.06877e-06
8.505 -0.00139849 1.95577e-06
8.52 -0.00135966 1.84867e-06
8.535 -0.00132181 1.74718e-06
8.55 -0.00128492 1.65103e-06
8.565 -0.00124898 1.55994e-06
8.58 -0.00121395 1.47367e-06
8.595 -0.00117982 1.39196e-06
8.61 -0.00114656 1.3146e-06
8.625 -0.00111416 1.24136e-06
8.64 -0.0010826 1.17203e-06
8.655 -0.00105186 1.10642e-06
8.67 -0.00102192 1.04433e-06
8.685 -0.000992762 9.85576e-07
8.7 -0.000964365 9.3e-07
8.715 -0.000936713 8.77431e-07
8.73 -0.000909789 8.27716e-07
8.745 -0.000883576 7.80706e-07
8.76 -0.000858056 7.36261e-07
8.775 -0.000833215 6.94247e-07
8.79 -0.000809035 6.54537e-07
8.805 -0.0007855 6.1701e-07
8.82 -0.000762596 5.81553e-07
8.835 -0.000740307 5.48055e-07
8.85 -0.000718619 5.16413e-07
8.865 -0.000697516 4.86528e-07
8.88 -0.000676985 4.58308e-07
8.895 -0.000657011 4.31664e-07
8.91 -0.000637582 4.06511e-07
8.925 -0.000618684 3.82769e-07
8.94 -0.000600303 3.60363e-07
8.955 -0.000582427 3.39221e-07
8.97 -0.000565043 3.19274e-07
8.985 -0.00054814 3.00457e-07
9 -0.000531704 2.82709e-07
9.015 -0.000515725 2.65973e-07
9.03 -0.000500191 2.50191e-07
9.045 -0.000485091 2.35313e-07
9.06 -0.000470413 2.21289e-07
9.075 -0.000456148 2.08071e-07
9.09 -0.000442283 1.95615e-07
9.105 -0.000428811 1.83878e-07
9.12 -0.000415719 1.72822e-07
9.135 -0.000402999 1.62408e-07
9.15 -0.00039064 1.526e-07
9.165 -0.000378634 1.43364e-07
9.18 -0.000366971 1.34668e-07
9.195 -0.000355643 1.26482e-07
9.21 -0.00034464 1.18777e-07
9.225 -0.000333954 1.11525e-07
9.24 -0.000323577 1.04702e-07
9.255 -0.0003135 9.82825e-08
9.27 -0.000303716 9.22436e-08
9.285 -0.000294217 8.65638e-08
9.3 -0.000284995 8.12223e-08
9.315 -0.000276043 7.61998e-08
9.33 -0.000267353 7.14779e-08
9.345 -0.000258919 6.70393e-08
9.36 -0.000250734 6.28675e-08
9.375 -0.00024279 5.89471e-08
9.39 -0.000235082 5.52636e-08
9.405 -0.000227603 5.1803e-08
9.42 -0.000220346 4.85524e-08
9.435 -0.000213306 4.54994e-08
9.45 -0.000206476 4.26325e-08
9.465 -0.000199852 3.99407e-08
9.48 -0.000193426 3.74137e-08
9.495 -0.000187194 3.50416e-08
9.51 -0.00018115 3.28155e-08
9.525 -0.00017529 3.07265e-08
9.54 -0.000169607 2.87665e-08
9.555 -0.000164097 2.69278e-08
9.57 -0.000158755 2.52032e-08
9.585 -0.000153577 2.35857e-08
9.6 -0.000148557 2.20691e-08
9.615 -0.000143691 2.06471e-08
9.63 -0.000138975 1.9314e-08
9.645 -0.000134404 1.80645e-08
9.66 -0.000129975 1.68936e-08
9.675 -0.000125684 1.57964e-08
9.69 -0.000121525 1.47683e-08
9.705 -0.000117496 1.38054e-08
9.72 -0.000113593 1.29034e-08
9.735 -0.000109812 1.20587e-08
9.75 -0.000106149 1.12677e-08
9.765 -0.000102602 1.05272e-08
9.78 -9.91665e-05 9.83399e-09
9.795 -9.58393e-05 9.18518e-09
9.81 -9.26175e-05 8.578e-09
9.825 -8.94978e-05 8.00985e-09
9.84 -8.64772e-05 7.47831e-09
9.855 -8.35529e-05 6.98109e-09
9.87 -8.0722e-05 6.51604e-09
9.885 -7.79816e-05 6.08114e-09
9.9 -7.53292e-05 5.67448e-09
9.915 -7.2762e-05 5.2943e-09
9.93 -7.02774e-05 4.93892e-09
9.945 -6.78731e-05 4.60676e-09
9.96 -6.55466e-05 4.29635e-09
9.975 -6.32955e-05 4.00631e-09
9.99 -6.11175e-05 3.73535e-09
10.005 -5.90104e-05 3.48223e-09
10.02 -5.69722e-05 3.24583e-09
10.035 -5.50006e-05 3.02506e-09
10.05 -5.30936e-05 2.81893e-09
10.065 -5.12492e-05 2.62648e-09
10.08 -4.94655e-05 2.44684e-09
10.095 -4.77407e-05 2.27918e-09
10.11 -4.60729e-05 2.12271e-09
10.125 -4.44603e-05 1.97672e-09
10.14 -4.29013e-05 1.84052e-09
10.155 -4.13941e-05 1.71347e-09
10.17 -3.99372e-05 1.59498e-09
10.185 -3.85289e-05 1.48448e-09
10.2 -3.71678e-05 1.38145e-09
10.215 -3.58523e-05 1.28539e-09
10.23 -3.45811e-05 1.19585e-09
10.245 -3.33526e-05 1.1124e-09
10.26 -3.21657e-05 1.03463e-09
10.275 -3.10188e-05 9.62169e-10
10.29 -2.99109e-05 8.94661e-10
10.305 -2.88406e-05 8.31778e-10
10.32 -2.78066e-05 7.7321e-10
10.335 -2.6808e-05 7.18669e-10
10.35 -2.58435e-05 6.67885e-10
10.365 -2.4912e-05 6.20605e-10
10.38 -2.40124e-05 5.76595e-10
10.395 -2.31438e-05 5.35634e-10
10.41 -2.23051e-05 4.97516e-10
10.425 -2.14953e-05 4.62048e-10
10.44 -2.07135e-05 4.29051e-10
10.455 -1.99589e-05 3.98356e-10
10.47 -1.92304e-05 3.69808e-10
10.485 -1.85273e-05 3.4326e-10
10.5 -1.78486e-05 3.18574e-10
10.515 -1.71937e-05 2.95624e-10
10.53 -1.65617e-05 2.74291e-10
10.545 -1.59519e-05 2.54463e-10
10.56 -1.53635e-05 2.36036e-10
10.575 -1.47958e-05 2.18915e-10
10.59 -1.42481e-05 2.03008e-10
10.605 -1.37198e-05 1.88232e-10
10.62 -1.32101e-05 1.74508e-10
10.635 -1.27186e-05 1.61763e-10
10.65 -1.22445e-05 1.49928e-10
10.665 -1.17873e-05 1.38941e-10
10.68 -1.13464e-05 1.28742e-10
10.695 -1.09213e-05 1.19275e-10
10.71 -1.05114e-05 1.1049e-10
10.725 -1.01162e-05 1.02338e-10
10.74 -9.73525e-06 9.47751e-11
10.755 -9.36799e-06 8.77592e-11
10.77 -9.01398e-06 8.12518e-11
10.785 -8.67277e-06 7.5217e-11
10.8 -8.34392e-06 6.9621e-11
10.815 -8.02701e-06 6.44328e-11
10.83 -7.72161e-06 5.96233e-11
10.845 -7.42734e-06 5.51654e-11
10.86 -7.14381e-06 5.1034e-11
10.875 -6.87064e-06 4.72057e-11
10.89 -6.60748e-06 4.36588e-11
10.905 -6.35398e-06 4.0373e-11
10.92 -6.10979e-06 3.73296e-11
10.935 -5.8746e-06 3.45109e-11
10.95 -5.64809e-06 3.19009e-11
10.965 -5.42994e-06 2.94843e-11
10.98 -5.21988e-06 2.72472e-11
10.995 -5.01761e-06 2.51764e-11
11.01 -4.82286e-06 2.326e-11
11.025 -4.63536e-06 2.14865e-11
11.04 -4.45485e-06 1.98457e-11
11.055 -4.28109e-06 1.83277e-11
11.07 -4.11383e-06 1.69236e-11
11.085 -3.95284e-06 1.5625e-11
11.1 -3.79791e-06 1.44241e-11
11.115 -3.6488e-06 1.33137e-11
11.13 -3.50531e-06 1.22872e-11
11.145 -3.36725e-06 1.13384e-11
11.16 -3.23441e-06 1.04614e-11
11.175 -3.1066e-06 9.65097e-12
11.19 -2.98365e-06 8.90215e-12
11.205 -2.86537e-06 8.21034e-12
11.22 -2.7516e-06 7.5713e-12
11.235 -2.64217e-06 6.98107e-12
11.25 -2.53693e-06 6.436e-12
11.265 -2.43571e-06 5.93271e-12
11.28 -2.33839e-06 5.46805e-12
11.295 -2.2448e-06 5.03911e-12
11.31 -2.15481e-06 4.64322e-12
11.325 -2.0683e-06 4.27786e-12
11.34 -1.98513e-06 3.94072e-12
11.355 -1.90517e-06 3.62968e-12
11.37 -1.82832e-06 3.34275e-12
11.385 -1.75445e-06 3.0781e-12
11.4 -1.68345e-06 2.83402e-12
11.415 -1.61523e-06 2.60895e-12
11.43 -1.54966e-06 2.40145e-12
11.445 -1.48666e-06 2.21015e-12
11.46 -1.42612e-06 2.03383e-12
11.475 -1.36796e-06 1.87132e-12
11.49 -1.31209e-06 1.72158e-12
11.505 -1.25841e-06 1.5836e-12
11.52 -1.20685e-06 1.4565e-12
11.535 -1.15733e-06 1.33942e-12
11.55 -1.10977e-06 1.23159e-12
11.565 -1.06409e-06 1.13229e-12
11.58 -1.02023e-06 1.04086e-12
11.595 -9.78104e-07 9.56688e-13
11.61 -9.3766e-07 8.79207e-13
11.625 -8.9883e-07 8.07895e-13
11.64 -8.61551e-07 7.42269e-13
11.655 -8.25763e-07 6.81885e-13
11.67 -7.91411e-07 6.26331e-13
11.685 -7.58438e-07 5.75228e-13
11.7 -7.26791e-07 5.28225e-13
11.715 -6.96419e-07 4.84999e-13
11.73 -6.67272e-07 4.45252e-13
11.745 -6.39303e-07 4.08709e-13
11.76 -6.12467e-07 3.75116e-13
11.775 -5.86718e-07 3.44239e-13
11.79 -5.62016e-07 3.15862e-13
11.805 -5.38318e-07 2.89786e-13
11.82 -5.15586e-07 2.65828e-13
11.835 -4.93781e-07 2.43819e-13
11.85 -4.72867e-07 2.23603e-13
11.865 -4.5281e-07 2.05037e-13
11.88 -4.33575e-07 1.87987e-13
11.895 -4.1513e-07 1.72333e-13
11.91 -3.97444e-07 1.57962e-13
11.925 -3.80486e-07 1.4477e-13
11.94 -3.64228e-07 1.32662e-13
11.955 -3.48642e-07 1.21551e-13
11.97 -3.33701e-07 1.11357e-13
11.985 -3.1938e-07 1.02004e-13
12 -3.05653e-07 9.3424e-14
12.015 -2.92498e-07 8.55549e-14
12.03 -2.7989e-07 7.83383e-14
12.045 -2.67808e-07 7.17211e-14
12.06 -2.56231e-07 6.56543e-14
12.075 -2.45138e-07 6.00929e-14
12.09 -2.34511e-07 5.49954e-14
12.105 -2.24329e-07 5.03237e-14
12.12 -2.14576e-07 4.60429e-14
12.135 -2.05233e-07 4.21207e-14
12.15 -1.96285e-07 3.85277e-14
12.165 -1.87714e-07 3.52365e-14
12.18 -1.79506e-07 3.22223e-14
12.195 -1.71645e-07 2.94621e-14
12.21 -1.64118e-07 2.69349e-14
12.225 -1.56911e-07 2.46212e-14
12.24 -1.50011e-07 2.25033e-14
12.255 -1.43405e-07 2.0565e-14
12.27 -1.37081e-07 1.87911e-14
12.285 -1.31027e-07 1.71681e-14
12.3 -1.25232e-07 1.56832e-14
12.315 -1.19686e-07 1.43248e-14
12.33 -1.14378e-07 1.30824e-14
12.345 -1.09299e-07 1.19463e-14
12.36 -1.04438e-07 1.09073e-14
12.375 -9.9787e-08 9.95746e-15
12.39 -9.53369e-08 9.08913e-15
12.405 -9.10793e-08 8.29545e-15
12.42 -8.70063e-08 7.57009e-15
12.435 -8.31099e-08 6.90726e-15
12.45 -7.93829e-08 6.30165e-15
12.465 -7.58182e-08 5.7484e-15
12.48 -7.24088e-08 5.24303e-15
12.495 -6.91483e-08 4.78148e-15
12.51 -6.60303e-08 4.36e-15
12.525 -6.30488e-08 3.97515e-15
12.54 -6.0198e-08 3.6238e-15
12.555 -5.74724e-08 3.30308e-15
12.57 -5.48667e-08 3.01036e-15
12.585 -5.23757e-08 2.74322e-15
12.6 -4.99946e-08 2.49946e-15
12.615 -4.77187e-08 2.27707e-15
12.63 -4.55434e-08 2.0742e-15
12.645 -4.34644e-08 1.88916e-15
12.66 -4.14777e-08 1.7204e-15
12.675 -3.95793e-08 1.56652e-15
12.69 -3.77653e-08 1.42621e-15
12.705 -3.60321e-08 1.29831e-15
12.72 -3.43762e-08 1.18172e-15
12.735 -3.27943e-08 1.07547e-15
12.75 -3.12832e-08 9.78637e-16
12.765 -2.98398e-08 8.90411e-16
12.78 -2.84611e-08 8.10035e-16
12.795 -2.71444e-08 7.36818e-16
12.81 -2.58869e-08 6.70134e-16
12.825 -2.46861e-08 6.09405e-16
12.84 -2.35395e-08 5.54109e-16
12.855 -2.24447e-08 5.03765e-16
12.87 -2.13994e-08 4.57936e-16
12.885 -2.04015e-08 4.16223e-16
12.9 -1.94489e-08 3.7826e-16
12.915 -1.85396e-08 3.43716e-16
12.93 -1.76716e-08 3.12286e-16
12.945 -1.68432e-08 2.83694e-16
12.96 -1.60526e-08 2.57686e-16
12.975 -1.52981e-08 2.34033e-16
12.99 -1.45782e-08 2.12523e-16
13.005 -1.38912e-08 1.92965e-16
13.02 -1.32357e-08 1.75185e-16
13.035 -1.26104e-08 1.59022e-16
13.05 -1.20138e-08 1.44333e-16
13.065 -1.14448e-08 1.30983e-16
13.08 -1.0902e-08 1.18853e-16
13.095 -1.03842e-08 1.07832e-16
13.11 -9.89042e-09 9.78203e-17
13.125 -9.4195e-09 8.8727e-17
13.14 -8.97043e-09 8.04687e-17
13.155 -8.54222e-09 7.29696e-17
13.17 -8.13393e-09 6.61609e-17
13.185 -7.74466e-09 5.99798e-17
13.2 -7.37354e-09 5.43691e-17
13.215 -7.01976e-09 4.9277e-17
13.23 -6.68252e-09 4.46561e-17
13.245 -6.36108e-09 4.04633e-17
13.26 -6.05471e-09 3.66595e-17
13.275 -5.76272e-09 3.32089e-17
13.29 -5.48446e-09 3.00793e-17
13.305 -5.21931e-09 2.72412e-17
13.32 -4.96666e-09 2.46677e-17
13.335 -4.72593e-09 2.23344e-17
13.35 -4.49658e-09 2.02192e-17
13.365 -4.27809e-09 1.83021e-17
13.38 -4.06996e-09 1.65645e-17
13.395 -3.8717e-09 1.499e-17
13.41 -3.68286e-09 1.35635e-17
13.425 -3.50301e-09 1.22711e-17
13.44 -3.33173e-09 1.11004e-17
13.455 -3.16862e-09 1.00402e-17
13.47 -3.01331e-09 9.08002e-18
13.485 -2.86542e-09 8.21064e-18
13.5 -2.72462e-09 7.42354e-18
13.515 -2.59057e-09 6.71104e-18
13.53 -2.46296e-09 6.06615e-18
13.545 -2.34148e-09 5.48253e-18
13.56 -2.22585e-09 4.95442e-18
13.575 -2.1158e-09 4.47662e-18
13.59 -2.01106e-09 4.04437e-18
13.605 -1.91139e-09 3.65339e-18
13.62 -1.81653e-09 3.29979e-18
13.635 -1.72628e-09 2.98003e-18
13.65 -1.6404e-09 2.69092e-18
13.665 -1.5587e-09 2.42954e-18
13.68 -1.48097e-09 2.19327e-18
13.695 -1.40703e-09 1.97972e-18
13.71 -1.33669e-09 1.78674e-18
13.725 -1.26979e-09 1.61237e-18
13.74 -1.20616e-09 1.45482e-18
13.755 -1.14565e-09 1.3125e-18
13.77 -1.0881e-09 1.18396e-18
13.785 -1.03338e-09 1.06786e-18
13.8 -9.81342e-10 9.63032e-19
13.815 -9.31869e-10 8.6838e-19
13.83 -8.84834e-10 7.82931e-19
13.845 -8.40119e-10 7.05801e-19
13.86 -7.97614e-10 6.36187e-19
13.875 -7.5721e-10 5.73367e-19
13.89 -7.18807e-10 5.16684e-19
13.905 -6.82309e-10 4.65545e-19
13.92 -6.47622e-10 4.19415e-19
13.935 -6.1466e-10 3.77807e-19
13.95 -5.83338e-10 3.40283e-19
13.965 -5.53577e-10 3.06448e-19
13.98 -5.25301e-10 2.75941e-19
13.995 -4.98438e-10 2.4844e-19
14.01 -4.72918e-10 2.23651e-19
14.025 -4.48676e-10 2.0131e-19
14.04 -4.2565e-10 1.81178e-19
14.055 -4.0378e-10 1.63038e-19
14.07 -3.83009e-10 1.46696e-19
14.085 -3.63283e-10 1.31975e-19
14.1 -3.44552e-10 1.18716e-19
14.115 -3.26765e-10 1.06776e-19
14.13 -3.09877e-10 9.60239e-20
14.145 -2.93843e-10 8.63439e-20
14.16 -2.78621e-10 7.76298e-20
14.175 -2.64171e-10 6.97864e-20
14.19 -2.50454e-10 6.27274e-20
14.205 -2.37435e-10 5.63753e-20
14.22 -2.25078e-10 5.066e-20
14.235 -2.1335e-10 4.55183e-20
14.25 -2.02221e-10 4.08933e-20
14.265 -1.9166e-10 3.67336e-20
14.28 -1.81639e-10 3.29928e-20
14.295 -1.72131e-10 2.96292e-20
14.31 -1.63111e-10 2.66051e-20
14.325 -1.54553e-10 2.38866e-20
14.34 -1.46435e-10 2.14432e-20
14.355 -1.38735e-10 1.92473e-20
14.37 -1.31431e-10 1.72741e-20
14.385 -1.24504e-10 1.55012e-20
14.4 -1.17934e-10 1.39085e-20
14.415 -1.11704e-10 1.24778e-20
14.43 -1.05797e-10 1.11929e-20
14.445 -1.00195e-10 1.0039e-20
14.46 -9.4884e-11 9.00298e-21
14.475 -8.98489e-11 8.07283e-21
14.49 -8.50756e-11 7.23785e-21
14.505 -8.05507e-11 6.48842e-21
14.52 -7.62617e-11 5.81584e-21
14.535 -7.21965e-11 5.21233e-21
14.55 -6.83436e-11 4.67085e-21
14.565 -6.46923e-11 4.18509e-21
14.58 -6.12321e-11 3.74937e-21
14.595 -5.79534e-11 3.35859e-21
14.61 -5.48467e-11 3.00816e-21
14.625 -5.19033e-11 2.69395e-21
14.64 -4.91148e-11 2.41226e-21
14.655 -4.64731e-11 2.15975e-21
14.67 -4.39707e-11 1.93342e-21
14.685 -4.16004e-11 1.7306e-21
14.7 -3.93554e-11 1.54885e-21
14.715 -3.72293e-11 1.38602e-21
14.73 -3.52157e-11 1.24015e-21
14.745 -3.3309e-11 1.10949e-21
14.76 -3.15034e-11 9.92467e-22
14.775 -2.97939e-11 8.87678e-22
14.79 -2.81754e-11 7.93852e-22
14.805 -2.66431e-11 7.09854e-22
14.82 -2.51925e-11 6.34663e-22
14.835 -2.38194e-11 5.67366e-22
14.85 -2.25198e-11 5.0714e-22
14.865 -2.12897e-11 4.5325e-22
14.88 -2.01255e-11 4.05035e-22
14.895 -1.90238e-11 3.61903e-22
14.91 -1.79812e-11 3.23324e-22
14.925 -1.69947e-11 2.8882e-22
14.94 -1.60613e-11 2.57966e-22
14.955 -1.51783e-11 2.30379e-22
14.97 -1.43428e-11 2.05717e-22
14.985 -1.35525e-11 1.83671e-22
