  SO INT. (SD SHELL)
 1 3 1001 201 203
   17.0691  17.0691  17.0691  
    1    8    8    0.300000    0.000000
 0 1 1001 1001 1001 1001 0 1
   0.00000   0.00000
   0.00000   0.00000
 0 1 1001 1001 1001 201 0 1
   0.00000   0.00000
   0.00000   0.00000
 0 1 1001 1001 1001 203 1 1
   0.00000
   0.00000
 0 1 1001 1001 201 201 0 1
   0.00000   0.00000
   0.00000   0.00000
 0 1 1001 1001 201 203 1 1
   0.00000
   0.00000
 0 1 1001 1001 203 203 0 1
   0.00000   0.00000
   0.00000   0.00000
 0 1 1001 201 1001 201 0 1
   0.00000   0.00000
   0.00000   0.00000
 0 1 1001 201 1001 203 1 1
   0.00000
   0.00000
 0 1 1001 201 201 201 0 1
   0.00000   0.00000
   0.00000   0.00000
 0 1 1001 201 201 203 1 1
   0.00000
   0.00000
 0 1 1001 201 203 203 0 1
   0.00000   0.00000
   0.00000   0.00000
 0 1 1001 203 1001 203 1 2
  -0.00788  -0.00158
  -0.00788  -0.00158
 0 1 1001 203 201 201 1 1
   0.00000
   0.00000
 0 1 1001 203 201 203 1 2
   0.00000   0.00000
   0.00000   0.00000
 0 1 1001 203 203 203 1 2
   0.00354   0.00842
   0.00354   0.00842
 0 1 201 201 201 201 0 1
   0.00000   0.00000
   0.00000   0.00000
 0 1 201 201 201 203 1 1
   0.00000
   0.00000
 0 1 201 201 203 203 0 1
   0.00000   0.00000
   0.00000   0.00000
 0 1 201 203 201 203 1 2
   0.00000   0.00000
   0.00000   0.00000
 0 1 201 203 203 203 1 2
   0.00000   0.00000
   0.00000   0.00000
 0 1 203 203 203 203 0 3
   0.04172  -0.01290   0.00827  -0.00751
   0.04172  -0.01290   0.00827  -0.00751
