  SO INT. (SP SHELL)
 1 2 103 1
   1.5  0  
    1    8    8    0.300000    0.000000
 0 1 103 103 103 103 0 3
   0.00000  -0.00144   0.00000   0.01297
   0.01841   0.00000  -0.01841   0.00000
 0 1 103 103 103 1 1 2
   0.00000   0.00000
   0.00000   0.00000
 0 1 103 103 1 1 0 1
   0.00000   0.00000
   0.00000   0.00000
 0 1 103 1 103 1 1 2
   0.00920   0.00000
   0.00000  -0.02761
 0 1 103 1 1 1 1 1
   0.00000
   0.00000
 0 1 1 1 1 1 0 1
   0.00000   0.00000
   0.00000   0.00000
