  SO INT. (PF SHELL)
 1 4 1101 1103 305 307
   25.6037  25.6037  25.6037  25.6037  
    1    8    8    0.300000    0.000000
 0 1 1101 1101 1101 1101 0 1
   0.02374  -0.01445
   0.02374  -0.01445
 0 1 1101 1101 1101 1103 1 1
  -0.00511
  -0.00511
 0 1 1101 1101 1103 1103 0 1
  -0.01679   0.00457
  -0.01679   0.00457
 0 1 1101 1101 1103 305 1 1
   0.01145
   0.01145
 0 1 1101 1101 305 305 0 1
   0.00549  -0.00126
   0.00549  -0.00126
 0 1 1101 1101 305 307 1 1
  -0.00070
  -0.00070
 0 1 1101 1101 307 307 0 1
  -0.00476   0.00081
  -0.00476   0.00081
 0 1 1101 1103 1101 1103 1 2
   0.00710  -0.00622
   0.00710  -0.00622
 0 1 1101 1103 1101 305 2 2
   0.00131
   0.00131
 0 1 1101 1103 1103 1103 1 2
   0.00162  -0.00594
   0.00162  -0.00594
 0 1 1101 1103 1103 305 1 2
   0.00195  -0.00311
   0.00195  -0.00311
 0 1 1101 1103 1103 307 2 2
   0.00027
   0.00027
 0 1 1101 1103 305 305 1 2
  -0.00044   0.00052
  -0.00044   0.00052
 0 1 1101 1103 305 307 1 2
   0.00198  -0.00130
   0.00198  -0.00130
 0 1 1101 1103 307 307 1 2
   0.00029  -0.00110
   0.00029  -0.00110
 0 1 1101 305 1101 305 2 3
   0.00198  -0.00356
   0.00198  -0.00356
 0 1 1101 305 1101 307 3 3
  -0.00046
  -0.00046
 0 1 1101 305 1103 1103 2 3
   0.00153   0.00035
   0.00153   0.00035
 0 1 1101 305 1103 305 2 3
  -0.00048   0.00111
  -0.00048   0.00111
 0 1 1101 305 1103 307 2 3
  -0.00131   0.00128
  -0.00131   0.00128
 0 1 1101 305 305 305 2 3
   0.00689  -0.00269
   0.00689  -0.00269
 0 1 1101 305 305 307 2 3
   0.00321   0.00043
   0.00321   0.00043
 0 1 1101 305 307 307 2 3
  -0.00230   0.00014
  -0.00230   0.00014
 0 1 1101 307 1101 307 3 4
   0.00620  -0.00072
   0.00620  -0.00072
 0 1 1101 307 1103 1103 3 3
   0.00934
   0.00934
 0 1 1101 307 1103 305 3 4
   0.00159  -0.00052
   0.00159  -0.00052
 0 1 1101 307 1103 307 3 4
   0.00270  -0.00016
   0.00270  -0.00016
 0 1 1101 307 305 305 3 4
  -0.00180   0.00672
  -0.00180   0.00672
 0 1 1101 307 305 307 3 4
   0.00973   0.00233
   0.00973   0.00233
 0 1 1101 307 307 307 3 4
   0.00050   0.00073
   0.00050   0.00073
 0 1 1103 1103 1103 1103 0 3
   0.01187  -0.00144  -0.01187   0.01300
   0.01187  -0.00144  -0.01187   0.01300
 0 1 1103 1103 1103 305 1 3
  -0.00362   0.00205   0.00192
  -0.00362   0.00205   0.00192
 0 1 1103 1103 1103 307 2 3
  -0.00201   0.00373
  -0.00201   0.00373
 0 1 1103 1103 305 305 0 3
  -0.00388   0.00040   0.00104  -0.00032
  -0.00388   0.00040   0.00104  -0.00032
 0 1 1103 1103 305 307 1 3
   0.00022  -0.00191   0.00067
   0.00022  -0.00191   0.00067
 0 1 1103 1103 307 307 0 3
   0.00336  -0.00026  -0.00220   0.00096
   0.00336  -0.00026  -0.00220   0.00096
 0 1 1103 305 1103 305 1 4
  -0.00718  -0.00430  -0.00173  -0.00033
  -0.00718  -0.00430  -0.00173  -0.00033
 0 1 1103 305 1103 307 2 4
   0.00213   0.00147  -0.00017
   0.00213   0.00147  -0.00017
 0 1 1103 305 305 305 1 4
   0.00268   0.00443   0.00004   0.00725
   0.00268   0.00443   0.00004   0.00725
 0 1 1103 305 305 307 1 4
  -0.00075   0.00525  -0.00590   0.00572
  -0.00075   0.00525  -0.00590   0.00572
 0 1 1103 305 307 307 1 4
  -0.00173  -0.00082  -0.00195   0.00259
  -0.00173  -0.00082  -0.00195   0.00259
 0 1 1103 307 1103 307 2 5
   0.00014  -0.00040   0.00004   0.00347
   0.00014  -0.00040   0.00004   0.00347
 0 1 1103 307 305 305 2 5
  -0.00707   0.00072  -0.00177  -0.00026
  -0.00707   0.00072  -0.00177  -0.00026
 0 1 1103 307 305 307 2 5
  -0.00460   0.00972  -0.00492   0.01108
  -0.00460   0.00972  -0.00492   0.01108
 0 1 1103 307 307 307 2 5
   0.00209   0.00165  -0.00261   0.00225
   0.00209   0.00165  -0.00261   0.00225
 0 1 305 305 305 305 0 5
   0.04411  -0.01565   0.00721  -0.00436   0.00470  -0.00548
   0.04411  -0.01565   0.00721  -0.00436   0.00470  -0.00548
 0 1 305 305 305 307 1 5
  -0.00875   0.01143  -0.00495   0.00295  -0.00170
  -0.00875   0.01143  -0.00495   0.00295  -0.00170
 0 1 305 305 307 307 0 5
  -0.03820   0.01010   0.00180  -0.00158   0.00072   0.00007
  -0.03820   0.01010   0.00180  -0.00158   0.00072   0.00007
 0 1 305 307 305 307 1 6
   0.01441  -0.01289   0.00609  -0.00275   0.00109  -0.00086
   0.01441  -0.01289   0.00609  -0.00275   0.00109  -0.00086
 0 1 305 307 307 307 1 6
   0.00565  -0.01494   0.00799  -0.00513   0.00229  -0.00140
   0.00565  -0.01494   0.00799  -0.00513   0.00229  -0.00140
 0 1 307 307 307 307 0 7
   0.03308  -0.00652  -0.01188   0.00965  -0.00821   0.00487  -0.00485   0.00548
   0.03308  -0.00652  -0.01188   0.00965  -0.00821   0.00487  -0.00485   0.00548
