  TENSOR INT. (SD SHELL)
 1 3 203 205 1001
   17.0691  17.0691  17.0691  
    2    8    8    0.333333    1.000000
 0 1 203 203 203 203 0 3
   0.00000   0.00000   0.00000   0.00000
  -0.08343   0.00000  -0.02293   0.00000
 0 1 203 203 203 205 1 3
   0.00000   0.00000   0.00000
   0.00000  -0.00819   0.00000
 0 1 203 203 203 1001 1 2
   0.00000   0.00000
   0.00000   0.01076
 0 1 203 203 205 205 0 3
   0.00000   0.00000   0.00000   0.00000
   0.06812   0.00000   0.00933   0.00000
 0 1 203 203 205 1001 2 3
   0.00000   0.00000
   0.00878   0.00000
 0 1 203 203 1001 1001 0 1
   0.00000   0.00000
   0.00000   0.00000
 0 1 203 205 203 205 1 4
   0.03476   0.00000   0.02071   0.00000
   0.00000  -0.00774   0.00000  -0.00138
 0 1 203 205 203 1001 1 2
  -0.00911   0.00000
   0.00000   0.00736
 0 1 203 205 205 205 1 4
   0.00000   0.00000   0.00000   0.00000
   0.00000  -0.00149   0.00000  -0.00390
 0 1 203 205 205 1001 2 3
   0.00000  -0.00781
   0.00601   0.00000
 0 1 203 205 1001 1001 1 1
   0.00000
   0.00000
 0 1 203 1001 203 1001 1 2
   0.01847   0.00000
   0.00000  -0.01108
 0 1 203 1001 205 205 1 2
   0.00000   0.00000
   0.00000  -0.00085
 0 1 203 1001 205 1001 2 2
   0.00000
  -0.00905
 0 1 203 1001 1001 1001 1 1
   0.00000
   0.00000
 0 1 205 205 205 205 0 5
   0.00000   0.00000   0.00000   0.00000   0.00000   0.00000
  -0.05562   0.00000  -0.00862   0.00000  -0.01104   0.00000
 0 1 205 205 205 1001 2 3
   0.00000   0.00000
  -0.00070   0.00000
 0 1 205 205 1001 1001 0 1
   0.00000   0.00000
   0.00000   0.00000
 0 1 205 1001 205 1001 2 3
   0.00000   0.00528
  -0.00739   0.00000
 0 1 1001 1001 1001 1001 0 1
   0.00000   0.00000
   0.00000   0.00000
