  TENSOR INT. (PF SHELL)
 1 4 305 307 1101 1103
   25.6037  25.6037  25.6037  25.6037  
    1    8    8    0.300000    0.000000
 0 1 305 305 305 305 0 5
  -0.08808   0.00000  -0.02170   0.00000  -0.01653   0.00000
  -0.08808   0.00000  -0.02170   0.00000  -0.01653   0.00000
 0 1 305 305 305 307 1 5
   0.00000  -0.00882   0.00000  -0.00504   0.00000
   0.00000  -0.00882   0.00000  -0.00504   0.00000
 0 1 305 305 305 1101 2 3
  -0.00943   0.00000
  -0.00943   0.00000
 0 1 305 305 305 1103 1 4
   0.00000   0.00547   0.00000   0.00895
   0.00000   0.00547   0.00000   0.00895
 0 1 305 305 307 307 0 5
   0.07628   0.00000   0.01231   0.00000   0.00541   0.00000
   0.07628   0.00000   0.01231   0.00000   0.00541   0.00000
 0 1 305 305 307 1101 3 4
   0.00000   0.00762
   0.00000   0.00762
 0 1 305 305 307 1103 2 5
   0.00943   0.00000   0.00299   0.00000
   0.00943   0.00000   0.00299   0.00000
 0 1 305 305 1101 1101 0 1
  -0.01155   0.00000
  -0.01155   0.00000
 0 1 305 305 1101 1103 1 2
   0.00000   0.00022
   0.00000   0.00022
 0 1 305 305 1103 1103 0 3
   0.00817   0.00000   0.00044   0.00000
   0.00817   0.00000   0.00044   0.00000
 0 1 305 307 305 307 1 6
   0.03854  -0.01030   0.02319  -0.00524   0.01615  -0.00089
   0.03854  -0.01030   0.02319  -0.00524   0.01615  -0.00089
 0 1 305 307 305 1101 2 3
  -0.00677  -0.00753
  -0.00677  -0.00753
 0 1 305 307 305 1103 1 4
  -0.00809   0.00517  -0.00189   0.00609
  -0.00809   0.00517  -0.00189   0.00609
 0 1 305 307 307 307 1 6
   0.00000   0.00034   0.00000  -0.00386   0.00000  -0.00307
   0.00000   0.00034   0.00000  -0.00386   0.00000  -0.00307
 0 1 305 307 307 1101 3 4
   0.01029   0.00609
   0.01029   0.00609
 0 1 305 307 307 1103 2 5
   0.00728  -0.00233   0.00096  -0.00812
   0.00728  -0.00233   0.00096  -0.00812
 0 1 305 307 1101 1101 1 1
   0.00000
   0.00000
 0 1 305 307 1101 1103 1 2
   0.00468  -0.00040
   0.00468  -0.00040
 0 1 305 307 1103 1103 1 3
   0.00000  -0.00080   0.00000
   0.00000  -0.00080   0.00000
 0 1 305 1101 305 1101 2 3
  -0.01163   0.00304
  -0.01163   0.00304
 0 1 305 1101 305 1103 2 3
   0.00289   0.00645
   0.00289   0.00645
 0 1 305 1101 307 307 2 3
   0.00331   0.00000
   0.00331   0.00000
 0 1 305 1101 307 1101 3 3
  -0.00100
  -0.00100
 0 1 305 1101 307 1103 2 3
   0.01006   0.00336
   0.01006   0.00336
 0 1 305 1101 1101 1103 2 2
  -0.00092
  -0.00092
 0 1 305 1101 1103 1103 2 3
  -0.00184   0.00000
  -0.00184   0.00000
 0 1 305 1103 305 1103 1 4
   0.02040  -0.00676   0.01203  -0.00831
   0.02040  -0.00676   0.01203  -0.00831
 0 1 305 1103 307 307 1 4
   0.00000  -0.00106   0.00000   0.00208
   0.00000  -0.00106   0.00000   0.00208
 0 1 305 1103 307 1101 3 4
   0.00358  -0.00437
   0.00358  -0.00437
 0 1 305 1103 307 1103 2 4
  -0.00496   0.00260  -0.00597
  -0.00496   0.00260  -0.00597
 0 1 305 1103 1101 1101 1 1
   0.00000
   0.00000
 0 1 305 1103 1101 1103 1 2
  -0.00756   0.00123
  -0.00756   0.00123
 0 1 305 1103 1103 1103 1 3
   0.00000   0.00246   0.00000
   0.00000   0.00246   0.00000
 0 1 307 307 307 307 0 7
  -0.06606   0.00000  -0.01021   0.00000  -0.00999   0.00000  -0.01065   0.00000
  -0.06606   0.00000  -0.01021   0.00000  -0.00999   0.00000  -0.01065   0.00000
 0 1 307 307 307 1101 3 4
   0.00000   0.00312
   0.00000   0.00312
 0 1 307 307 307 1103 2 5
  -0.00296   0.00000  -0.00090   0.00000
  -0.00296   0.00000  -0.00090   0.00000
 0 1 307 307 1101 1101 0 1
   0.01000   0.00000
   0.01000   0.00000
 0 1 307 307 1101 1103 1 2
   0.00000  -0.00046
   0.00000  -0.00046
 0 1 307 307 1103 1103 0 3
  -0.00707   0.00000  -0.00093   0.00000
  -0.00707   0.00000  -0.00093   0.00000
 0 1 307 1101 307 1101 3 4
   0.00870  -0.00268
   0.00870  -0.00268
 0 1 307 1101 307 1103 3 4
  -0.00169  -0.00270
  -0.00169  -0.00270
 0 1 307 1101 1103 1103 3 3
   0.00000
   0.00000
 0 1 307 1103 307 1103 2 5
  -0.00971   0.00067  -0.00482   0.00458
  -0.00971   0.00067  -0.00482   0.00458
 0 1 307 1103 1101 1103 2 2
   0.00121
   0.00121
 0 1 307 1103 1103 1103 2 3
   0.00241   0.00000
   0.00241   0.00000
 0 1 1101 1101 1101 1101 0 1
  -0.04521   0.00000
  -0.04521   0.00000
 0 1 1101 1101 1101 1103 1 1
   0.00000
   0.00000
 0 1 1101 1101 1103 1103 0 1
   0.03196   0.00000
   0.03196   0.00000
 0 1 1101 1103 1101 1103 1 2
   0.01695  -0.00113
   0.01695  -0.00113
 0 1 1101 1103 1103 1103 1 2
   0.00000  -0.00226
   0.00000  -0.00226
 0 1 1103 1103 1103 1103 0 3
  -0.02260   0.00000  -0.00452   0.00000
  -0.02260   0.00000  -0.00452   0.00000
